Date, Close/Last, Volume, Open, High, Low
03/24/2021, $296.88, 764876, $306.98, $307.25, $295.8858
03/23/2021, $303.57, 1137163, $312, $318.71, $301
03/22/2021, $313.73, 1273415, $310, $315.9, $303.18
03/19/2021, $305.63, 12919780, $306.47, $314.41, $301.59
03/18/2021, $306.96, 1244541, $316.81, $316.81, $303.46
03/17/2021, $316.52, 1258982, $321, $321.79, $311.3
03/16/2021, $325.89, 772661, $335.92, $337.58, $319.49
03/15/2021, $338.11, 1102865, $335.5, $338.27, $323.64
03/12/2021, $329.3, 386673, $324.52, $330.93, $320.05
03/11/2021, $331.76, 519421, $325, $332.6, $321.511
03/10/2021, $314.5, 519744, $312.28, $322.93, $311.38
03/09/2021, $309.14, 649387, $305.89, $314.6071, $302.09
03/08/2021, $294.81, 737089, $308, $314.69, $293.76
03/05/2021, $307.03, 896447, $310.03, $311.38, $286.5
03/04/2021, $305.72, 895394, $315.65, $322.0926, $296.7
03/03/2021, $318.26, 829210, $337.73, $341.01, $315.05
03/02/2021, $338.7, 622862, $345.9, $354.65, $334.35
03/01/2021, $346.25, 809973, $335, $349.33, $322.49
02/26/2021, $329.56, 1010312, $319.44, $334.19, $315.66
02/25/2021, $315.66, 906294, $323.26, $325.85, $309.1
02/24/2021, $322.68, 933001, $338.3, $340.98, $321.31
02/23/2021, $333.04, 1176810, $328.17, $334.07, $308.04
02/22/2021, $336.7, 1026010, $360.97, $364, $335.3
02/19/2021, $363.47, 899480, $356.32, $363.57, $354
02/18/2021, $351.46, 1223636, $355.56, $363.72, $343.54
02/17/2021, $355.32, 1334447, $350, $361, $341.67
02/16/2021, $350.53, 1986687, $347.74, $360.18, $341.49
02/12/2021, $326.84, 930348, $320.58, $330.305, $317.01
02/11/2021, $316.11, 1619776, $293.5, $318.75, $293
02/10/2021, $277.54, 904556, $276.55, $283.11, $274.56
02/09/2021, $275.56, 381029, $279.94, $281.27, $274.95
02/08/2021, $279, 457735, $273.11, $280.61, $273.11
02/05/2021, $270.58, 396515, $263.96, $272.04, $263.5
02/04/2021, $262.24, 563465, $266.68, $269.58, $261.61
02/03/2021, $264.3, 293415, $268.09, $269, $261.5
02/02/2021, $266.99, 513554, $263.02, $268.125, $261.75
02/01/2021, $258.73, 624389, $250.21, $259.86, $248.07
01/29/2021, $246.42, 424201, $251.5, $254.31, $244.6441
01/28/2021, $252.93, 574838, $254.99, $256.6, $248.06
01/27/2021, $248.81, 938831, $257.86, $258.13, $243.2101
01/26/2021, $264.81, 486155, $269.04, $269.535, $264.25
01/25/2021, $269.02, 829798, $279.09, $287.55, $265.71
01/22/2021, $277.61, 500520, $270.47, $278.64, $269.55
01/21/2021, $272.33, 665826, $270.26, $273.82, $265.4537
01/20/2021, $268.79, 685984, $269.58, $269.98, $261.04
01/19/2021, $267.46, 756919, $257, $269.59, $255.94
01/15/2021, $252.81, 583144, $252.65, $255.3, $247.5881
01/14/2021, $253.06, 366267, $253.15, $255, $250.2287
01/13/2021, $252.63, 666639, $257.04, $259.46, $252.46
01/12/2021, $259.05, 1070192, $261.16, $263.64, $256.245
01/11/2021, $260.8, 750741, $248.77, $262.49, $245.24
01/08/2021, $252.5, 726099, $257.5, $259.9999, $249.68
01/07/2021, $254.5, 893778, $250.19, $256.3, $247.89
01/06/2021, $246.29, 1185680, $230.77, $249.0009, $228.62
01/05/2021, $227.98, 485259, $223.17, $228.525, $223
01/04/2021, $224.56, 686583, $229.16, $230.95, $222.51
12/31/2020, $227.41, 474328, $229.19, $229.6, $225.52
12/30/2020, $229.19, 588309, $222.6, $229.86, $222.6
12/29/2020, $221.37, 845081, $232.59, $233.99, $219.4732
12/28/2020, $233.04, 732895, $238.49, $239.6179, $232.25
12/24/2020, $233.2, 816195, $227.26, $237.99, $227
12/23/2020, $227.01, 464634, $229.25, $230.5, $223
12/22/2020, $227.31, 855442, $230.65, $231.88, $223.64
12/21/2020, $230.29, 1285121, $214.63, $230.47, $214.41
12/18/2020, $216.79, 1355564, $220.26, $220.72, $215.05
12/17/2020, $218.6, 650116, $221.93, $224.19, $217.35
12/16/2020, $220.44, 647913, $226, $226.64, $218.11
12/15/2020, $224.4, 790495, $220.01, $224.85, $219.6762
12/14/2020, $218.06, 731325, $217.69, $220.815, $213.5
12/11/2020, $217.28, 728528, $211.56, $219.985, $211.46
12/10/2020, $211.27, 824227, $207.5, $213.945, $207.0683
12/09/2020, $209.43, 926952, $218.01, $218.88, $207.82
12/08/2020, $216.87, 1205539, $210.42, $217.3699, $207.31
12/07/2020, $208.91, 718658, $205, $209.19, $202.56
12/04/2020, $205.26, 820083, $208, $210.88, $204.5
12/03/2020, $207.58, 707098, $209.68, $212.71, $207.01
12/02/2020, $210.74, 638131, $212.05, $212.49, $208.16
12/01/2020, $213.02, 669073, $216.14, $217.2699, $211.2001
11/30/2020, $215.6, 4147125, $221.4, $221.4987, $210.47
11/27/2020, $221.4, 637480, $219.72, $225.34, $218.51
11/25/2020, $216.51, 900607, $213.84, $220.935, $213.7
11/24/2020, $213.84, 1191028, $219.63, $219.98, $211.5306
11/23/2020, $219.63, 912931, $224.67, $227.03, $216
11/20/2020, $222.97, 802268, $217.37, $225.2, $216.4
11/19/2020, $216.75, 657299, $213.28, $218.98, $211.9
11/18/2020, $211.94, 722121, $211.63, $213.79, $209.63
11/17/2020, $210.09, 648919, $211.88, $216.91, $208.93
11/16/2020, $213.19, 741021, $216.5, $216.55, $211.42
11/13/2020, $215.97, 633076, $220.58, $222.21, $215.33
11/12/2020, $219.78, 529957, $224.3, $226.0975, $218
11/11/2020, $225.29, 616617, $220.74, $226.595, $219.12
11/10/2020, $217.95, 1027746, $221.02, $223, $212.3
11/09/2020, $220.54, 1113273, $233.04, $233.78, $216.16
11/06/2020, $233.04, 422204, $232.62, $234.55, $231.03
11/05/2020, $230.73, 602878, $228.23, $233.44, $226.86
11/04/2020, $223.5, 717837, $219.34, $224.95, $213.01
11/03/2020, $221.54, 639318, $215.99, $222.195, $213.95
11/02/2020, $212.57, 680780, $212.37, $215.085, $208.58
10/30/2020, $210.15, 813799, $213.99, $217.61, $204.2418
10/29/2020, $216.57, 950691, $218.9, $220.88, $211.43
10/28/2020, $217.11, 1432739, $205.87, $218.63, $202.0227
10/27/2020, $207.71, 731822, $211.88, $213.83, $206.61
10/26/2020, $210.4, 477632, $209.2, $211.72, $206.04
10/23/2020, $212.04, 591641, $210.07, $212.74, $206.95
10/22/2020, $209.34, 708155, $205.66, $210.01, $203.4
10/21/2020, $205.35, 790597, $212.85, $215.9802, $205.18
10/20/2020, $211.87, 726898, $210.59, $215.57, $209.98
10/19/2020, $210.13, 748580, $208.12, $210.75, $206.93
10/16/2020, $208.21, 456402, $212.71, $213.9899, $207.7381
10/15/2020, $209.79, 640441, $200.67, $210.99, $198.85
10/14/2020, $203, 387455, $202.96, $205.5399, $201.288
10/13/2020, $201.54, 674030, $203.43, $205.12, $199.27
10/12/2020, $203.99, 621718, $206.65, $207.75, $200.38
10/09/2020, $205.53, 695211, $205.16, $208.74, $205.16
10/08/2020, $204.5, 743557, $209.99, $210.58, $203.62
10/07/2020, $207.04, 729551, $212.55, $213.91, $205.16
10/06/2020, $207.37, 1168497, $211.05, $213.23, $204.885
10/05/2020, $207.86, 805326, $199.25, $208.26, $198.53
10/02/2020, $197.75, 608246, $191.27, $198.77, $190.1
10/01/2020, $196.16, 715051, $195.5, $196.9492, $191.74
09/30/2020, $193.64, 892453, $187.76, $194.17, $187.76
09/29/2020, $188.14, 613742, $190.98, $192.28, $187.73
09/28/2020, $190.18, 761308, $186.88, $191.43, $186.11
09/25/2020, $180.66, 607749, $178.07, $182.025, $178.07
09/24/2020, $178.07, 601442, $175.53, $181.45, $173.8
09/23/2020, $175.76, 611563, $182.23, $185, $175.65
09/22/2020, $182.9, 526751, $182.55, $183.42, $179.51
09/21/2020, $181.23, 559971, $180, $182.37, $177.56
09/18/2020, $182.68, 987257, $185.56, $186.61, $181.1193
09/17/2020, $184.09, 641485, $183.13, $186.43, $181.4651
09/16/2020, $186.52, 518690, $187.17, $188.7883, $185.55
09/15/2020, $187.11, 393546, $187.29, $187.7, $184.75
09/14/2020, $184.1, 449914, $181.82, $184.23, $181.16
09/11/2020, $178.41, 507774, $182.7, $184.41, $176.28
09/10/2020, $180.03, 446521, $184.45, $185.5, $179.46
09/09/2020, $183.95, 587852, $178.07, $185.29, $178.04
09/08/2020, $174.8, 752550, $176.4, $181.385, $173.4438
09/04/2020, $178.51, 985590, $178.78, $179.83, $169.34
09/03/2020, $178.07, 1005521, $189, $189.36, $175.82
09/02/2020, $191.48, 674328, $193.3, $194, $187.91
09/01/2020, $193.25, 506977, $189.71, $194.35, $188.1783
08/31/2020, $189.98, 630151, $190.25, $191.42, $188.53
08/28/2020, $189.02, 556753, $188.96, $192.3799, $187.289
08/27/2020, $186.65, 810026, $190.47, $191.29, $184.47
08/26/2020, $190.82, 783640, $188, $192.28, $187.2
08/25/2020, $186.37, 462538, $188.44, $188.5, $184.525
08/24/2020, $188.13, 922942, $189.23, $192.53, $185.55
08/21/2020, $186.71, 720290, $183.27, $188.55, $182.47
08/20/2020, $182.45, 583209, $180, $184.23, $179.4934
08/19/2020, $181.2, 565107, $180.15, $183.3675, $180.06
08/18/2020, $181.68, 771065, $181.63, $185.55, $180.5
08/17/2020, $182.2, 818043, $179.75, $182.57, $177.8
08/14/2020, $175.35, 662449, $174.11, $176.12, $172.89
08/13/2020, $174.88, 641740, $171.3, $176.76, $170.7
08/12/2020, $171.3, 701487, $166.5, $172.36, $166
08/11/2020, $164.86, 1011803, $168.5, $169.66, $164.24
08/10/2020, $166.32, 1684714, $178.09, $178.71, $165.32
08/07/2020, $178.6, 820138, $173.35, $179.3499, $172.72
08/06/2020, $172.98, 836635, $175.97, $175.97, $170.3
08/05/2020, $170.42, 661467, $166.08, $170.46, $166.08
08/04/2020, $164.57, 1003240, $161.68, $164.92, $161.1
08/03/2020, $162.67, 818514, $159.1, $162.72, $155.05
07/31/2020, $157.58, 1066614, $151.5, $157.65, $151.5
07/30/2020, $147.84, 1767385, $150.31, $156.53, $147.36
07/29/2020, $139.73, 700735, $135.88, $140.73, $135.88
07/28/2020, $135.31, 389964, $137.46, $139.29, $135.22
07/27/2020, $138.35, 419420, $135.99, $138.51, $134.72
07/24/2020, $135.25, 388612, $136.23, $136.81, $134.15
07/23/2020, $136.82, 843060, $136, $139.49, $135
07/22/2020, $135.54, 528899, $136.04, $137.01, $134.37
07/21/2020, $136.1, 566302, $137.88, $139.91, $135.83
07/20/2020, $136.64, 495748, $134.76, $137.38, $134.76
07/17/2020, $134.81, 491319, $133.21, $135.61, $132.705
07/16/2020, $132.54, 490058, $133.55, $135.538, $132.23
07/15/2020, $133.95, 811356, $133.66, $134.91, $132.6
07/14/2020, $131.13, 727361, $126.44, $131.2, $126.02
07/13/2020, $126.64, 688337, $128.91, $130.51, $126.265
07/10/2020, $127.37, 393503, $126.28, $127.71, $125.74
07/09/2020, $126.61, 391498, $127.31, $127.91, $125.18
07/08/2020, $126.58, 892094, $124.78, $126.995, $124.78
07/07/2020, $124.53, 673916, $124.09, $126.9, $123.45
07/06/2020, $124.89, 733121, $125.32, $126.42, $124.05
07/02/2020, $122.73, 577876, $121.94, $122.96, $121.59
07/01/2020, $121.09, 968490, $132.09, $132.09, $120.75
06/30/2020, $121.93, 928448, $120, $122.355, $118.64
06/29/2020, $118.88, 876735, $118.37, $120.57, $116.77
06/26/2020, $117.75, 8019414, $115.33, $120.13, $113.23
06/25/2020, $114.82, 987127, $113.74, $114.98, $111.63
06/24/2020, $113.27, 978355, $115.48, $116.77, $112.57
06/23/2020, $116.69, 1228765, $118.18, $120.16, $116.2475
06/22/2020, $117.02, 1064845, $112.59, $117.07, $111.03
06/19/2020, $113.53, 915729, $112.83, $113.85, $110.5
06/18/2020, $110.72, 647637, $111.05, $114.43, $110.3394
06/17/2020, $112.49, 550029, $114.98, $115, $111.96
06/16/2020, $114.76, 853824, $114.21, $114.87, $111.12
06/15/2020, $110.5, 885346, $102.52, $110.9463, $101.7153
06/12/2020, $105.44, 1024293, $109.99, $109.99, $102.38
06/11/2020, $106.63, 745374, $109.48, $110.16, $106.57
06/10/2020, $113.23, 646782, $113.19, $114.8899, $112.02
06/09/2020, $112.97, 584961, $111.86, $114.26, $110.53
06/08/2020, $113.87, 878529, $114.72, $116.1395, $113.23
06/05/2020, $114.83, 698212, $113.87, $116.15, $111
06/04/2020, $110.53, 676073, $112.26, $113.19, $109.86
06/03/2020, $112.22, 791232, $112.16, $113.5438, $111.52
06/02/2020, $110.49, 690606, $111.6, $111.6, $109.5
06/01/2020, $110.57, 702324, $111.81, $112.76, $109.89
05/29/2020, $111.27, 1139601, $115.9, $116.88, $110.64
05/28/2020, $117.99, 803495, $122.95, $123.19, $117.8784
05/27/2020, $122.05, 1083498, $119.77, $122.18, $118.605
05/26/2020, $118, 679318, $118.93, $119.85, $116.64
05/22/2020, $114.4, 348780, $114.42, $114.74, $113.38
05/21/2020, $114.44, 717476, $112.49, $115.29, $112.18
05/20/2020, $113.01, 609955, $112.78, $114.83, $111.74
05/19/2020, $110.12, 661428, $110.11, $112.91, $110.01
05/18/2020, $111.41, 898935, $108.65, $112.19, $107.43
05/15/2020, $104.7, 676839, $100, $104.9, $99.48
05/14/2020, $100.67, 500471, $96.18, $100.68, $95.27
05/13/2020, $97.9, 543840, $99.55, $101.6999, $97.02
05/12/2020, $99.73, 497972, $103.91, $104.6402, $99.65
05/11/2020, $103.85, 680375, $102.1, $104.84, $101.65
05/08/2020, $103.86, 414803, $101.37, $103.92, $100.8733
05/07/2020, $99.2, 401928, $101.57, $102.235, $98.92
05/06/2020, $99.5, 628849, $99.75, $100.82, $98.43
05/05/2020, $99.42, 722889, $96.36, $100.58, $95.35
05/04/2020, $94.41, 628094, $92.32, $94.55, $90.3
05/01/2020, $93.29, 825168, $95.29, $96.57, $92.22
04/30/2020, $97.44, 1081885, $96.51, $102.36, $96.5
04/29/2020, $103.68, 694843, $101.5, $105.36, $100.05
04/28/2020, $99.16, 826194, $101.58, $102.3, $98.36
04/27/2020, $98.85, 1031987, $98.5, $101.57, $97.82
04/24/2020, $97.55, 626999, $98, $99.67, $97.1175
04/23/2020, $96.97, 446652, $96.31, $99.81, $95.645
04/22/2020, $96.68, 335166, $96.78, $97.51, $95.51
04/21/2020, $94.15, 456368, $96.47, $98.29, $93.75
04/20/2020, $99.37, 422291, $97.57, $100.32, $97.02
04/17/2020, $99.31, 454583, $99.72, $100.5, $98.36
04/16/2020, $96.49, 723878, $96.77, $98.31, $94.72
04/15/2020, $96.81, 675861, $99, $99.99, $96.22
04/14/2020, $102.08, 632485, $102.43, $103.17, $99.48
04/13/2020, $99.04, 620761, $100.44, $101.61, $98.09
04/09/2020, $101.34, 781467, $98.12, $102.03, $96.6
04/08/2020, $96.35, 636092, $90.9, $96.8212, $89.74
04/07/2020, $89.64, 561823, $95.37, $96.46, $89.23
04/06/2020, $92, 945912, $89.38, $94.775, $88.85
04/03/2020, $84.66, 477463, $85.73, $88.63, $83.3
04/02/2020, $86.48, 931173, $82.31, $88.43, $81.221
04/01/2020, $83.03, 813568, $88.04, $90.28, $82.16
03/31/2020, $93.17, 626540, $92.49, $93.82, $90.42
03/30/2020, $93.53, 715254, $89.31, $93.65, $88.452
03/27/2020, $88.96, 875083, $94.51, $94.85, $88.12
03/26/2020, $96.37, 738506, $89.26, $96.755, $87.69
03/25/2020, $87.77, 768560, $85.22, $90.67, $83.1615
03/24/2020, $85.71, 841704, $84.49, $86.01, $80.05
03/23/2020, $79.01, 982322, $83.63, $85.65, $75.5
03/20/2020, $84.78, 1456197, $89.65, $94.57, $82.93
03/19/2020, $88.6, 1006856, $86.94, $88.99, $80.08
03/18/2020, $88.53, 1406683, $88.25, $91.5192, $84.91
03/17/2020, $94.8, 1342782, $88.58, $95.74, $84.03
03/16/2020, $87.37, 1085656, $87.75, $91.417, $85.05
03/13/2020, $99.51, 1023752, $98.85, $99.9, $94.17
03/12/2020, $94.4, 1542157, $94.36, $94.44, $87.545
03/11/2020, $102.08, 779378, $104.31, $107, $99.65
03/10/2020, $108.06, 1020428, $104.1, $108.12, $98.4101
03/09/2020, $101.07, 1169813, $103.48, $104.78, $100.43
03/06/2020, $112, 1011362, $112.8, $113.455, $108.97
03/05/2020, $116.51, 966245, $114.99, $118.52, $114.78
03/04/2020, $118.08, 1125350, $112.63, $118.86, $112.63
03/03/2020, $111.24, 1152391, $109.2, $112.98, $108.42
03/02/2020, $108.91, 876057, $103.97, $109, $103.36
02/28/2020, $102.99, 1289472, $101.48, $104.8033, $100.03
02/27/2020, $105.62, 917010, $108.12, $110.18, $105.075
02/26/2020, $110.87, 912951, $107.99, $111.79, $107.66
02/25/2020, $107.31, 1077442, $113.56, $113.99, $107.05
02/24/2020, $112.78, 674859, $111.42, $113.59, $110.44
02/21/2020, $116.19, 565129, $115.98, $116.68, $114.43
02/20/2020, $116.97, 579699, $115.74, $117.92, $115.13
02/19/2020, $116.26, 1097013, $111.9, $116.375, $111.33
02/18/2020, $111.1, 878658, $112.45, $112.45, $110.12
02/14/2020, $113.26, 1531795, $116.38, $117.83, $111.88
02/13/2020, $115.75, 2358573, $112.58, $117.44, $112.29
02/12/2020, $113.72, 13312330, $110.31, $114.47, $110.2
02/11/2020, $110.23, 2807787, $110.3, $111.87, $109.91
02/10/2020, $109.3, 3175689, $106.27, $112.25, $106
02/07/2020, $101.35, 630121, $102.73, $102.74, $100.61
02/06/2020, $102.92, 687660, $103.79, $104.64, $102.0822
02/05/2020, $104.07, 469012, $105.7, $105.7, $102.8
02/04/2020, $104.28, 530969, $104.79, $105.84, $102.71
02/03/2020, $103.74, 461895, $104.25, $105.02, $103.54
01/31/2020, $103.59, 591433, $106.94, $107.4954, $103.26
01/30/2020, $107.5, 585458, $108.7, $110, $106.8
01/29/2020, $109.68, 506552, $107.32, $109.95, $107.225
01/28/2020, $107.09, 500071, $105.6, $107.31, $105.16
01/27/2020, $104.98, 680105, $104.76, $106.14, $103.649
01/24/2020, $106.67, 858662, $106.08, $107.63, $105.69
01/23/2020, $102.99, 368622, $102.32, $103.36, $100.69
01/22/2020, $102.57, 399942, $103.27, $103.91, $102
01/21/2020, $102.41, 315549, $103.32, $104.02, $101.78
01/17/2020, $103.52, 504812, $104.41, $105.41, $103.27
01/16/2020, $103.92, 484322, $102.98, $104.04, $102.56
01/15/2020, $102.29, 458417, $101.82, $103.9, $101.82
01/14/2020, $102.14, 386024, $100.65, $102.49, $100.2806
01/13/2020, $100.91, 405949, $98.77, $101.03, $98.37
01/10/2020, $98.73, 516179, $99.44, $99.88, $98.29
01/09/2020, $99.4, 750834, $100.63, $100.755, $99.25
01/08/2020, $100.03, 718480, $102.68, $102.89, $99.97
01/07/2020, $102.9, 444624, $101.36, $102.93, $100.7
01/06/2020, $101.25, 395430, $100.83, $101.96, $100.35
01/03/2020, $101.67, 485355, $100.64, $102.22, $99.17
01/02/2020, $102.01, 388115, $101.38, $102.02, $100.0731
12/31/2019, $100.59, 314940, $101.14, $102.24, $100.52
12/30/2019, $101.12, 400104, $101.91, $101.96, $100.43
12/27/2019, $101.71, 222021, $102.28, $102.815, $101.6
12/26/2019, $101.97, 184095, $101.83, $102.1, $101.23
12/24/2019, $101.68, 198868, $100.98, $102.01, $100.53
12/23/2019, $101.02, 321847, $101.87, $101.94, $100.87
12/20/2019, $101.8, 698122, $102.01, $102.47, $101.19
12/19/2019, $101.4, 296751, $100.91, $102.18, $100.89
12/18/2019, $101.24, 433607, $101.19, $101.62, $100.06
12/17/2019, $100.81, 513198, $101.32, $101.705, $100.28
12/16/2019, $101.19, 595218, $99.29, $101.59, $98.95
12/13/2019, $99.05, 551479, $99.55, $101.31, $98.7
12/12/2019, $99.58, 577436, $99.76, $100.45, $99.19
12/11/2019, $99.54, 572212, $100.24, $100.76, $98.625
12/10/2019, $100.51, 616919, $98.87, $100.71, $98.49
12/09/2019, $99.06, 553540, $101.06, $101.84, $98.9296
12/06/2019, $101.74, 774540, $100.04, $102.125, $99.9213
12/05/2019, $98.76, 536140, $98.56, $100.04, $98.51
12/04/2019, $98.32, 343603, $98.16, $99.42, $97.72
12/03/2019, $97.56, 400292, $96.7, $97.88, $95.64
12/02/2019, $97.5, 568979, $98.29, $98.3, $96.05
11/29/2019, $98.5, 274403, $98.66, $99.05, $97.72
11/27/2019, $99.04, 650163, $98.33, $99.22, $98
11/26/2019, $98.5, 1758940, $97.6, $100.35, $97.1577
11/25/2019, $97.31, 659509, $94.31, $97.5, $93.97
11/22/2019, $93.69, 409666, $94.14, $94.38, $92.6
11/21/2019, $93.85, 315001, $94.81, $94.9316, $93.52
11/20/2019, $94.84, 566122, $94.4, $95.98, $94.14
11/19/2019, $94.77, 370717, $94.71, $94.9852, $94.19
11/18/2019, $94.28, 462473, $92.94, $94.84, $92.6
11/15/2019, $93.26, 332912, $93.99, $94.447, $92.81
11/14/2019, $93.53, 329603, $92.35, $94.5, $91.9
11/13/2019, $92.47, 503500, $92.68, $93.51, $91.4
11/12/2019, $93.14, 645410, $96.58, $96.62, $92.95
11/11/2019, $96.14, 849964, $93.36, $96.56, $93.08
11/08/2019, $93.4, 501191, $92.75, $93.435, $92.37
11/07/2019, $92.69, 627284, $93.62, $93.7799, $92.3
11/06/2019, $92.9, 778299, $93.78, $94.03, $92.2205
11/05/2019, $93.6, 560736, $93.13, $94.13, $93.13
11/04/2019, $93.13, 947796, $91.74, $94.1877, $91.74
11/01/2019, $91.8, 2227482, $95.33, $97.39, $91.06
10/31/2019, $96.58, 2345785, $89.79, $98.37, $89.37
10/30/2019, $92.67, 832978, $91.11, $93.05, $90.1407
10/29/2019, $91.45, 942593, $92.75, $93.1333, $90.77
10/28/2019, $93.25, 1728570, $92.5, $94.7764, $92.25
10/25/2019, $90.71, 1106313, $92.1, $93.015, $89.87
10/24/2019, $90.32, 657619, $91.84, $91.84, $88.73
10/23/2019, $89.71, 1180746, $87.49, $90.26, $87.18
10/22/2019, $87.07, 709253, $86.37, $87.65, $86.14
10/21/2019, $86.55, 700906, $88.05, $88.33, $85.94
10/18/2019, $87.33, 687053, $85.8, $87.78, $85.8
10/17/2019, $85.74, 822046, $86.54, $88.45, $85.66
10/16/2019, $86.01, 664846, $84.56, $86.03, $84.31
10/15/2019, $84.67, 703586, $83.45, $85.36, $83.24
10/14/2019, $83.34, 517936, $82.17, $83.76, $81.9
10/11/2019, $82.49, 1514595, $87.29, $88.22, $82.42
10/10/2019, $86.15, 2119383, $84.27, $87.41, $83.55
10/09/2019, $83.84, 1830449, $79, $84.65, $79
10/08/2019, $76.83, 379092, $77.05, $77.37, $76.13
10/07/2019, $77.98, 347314, $77.69, $78.29, $77.18
10/04/2019, $78, 249713, $77.42, $78.15, $77.0434
10/03/2019, $77.25, 355958, $76.11, $77.33, $75.1
10/02/2019, $76.36, 499721, $75.69, $76.74, $75.2
10/01/2019, $76.73, 449266, $78.96, $79.62, $76.48
09/30/2019, $78.34, 516896, $78.82, $80.19, $78.34
09/27/2019, $78.86, 444406, $81.24, $81.5, $78.52
09/26/2019, $80.94, 692751, $80.5, $82.2, $80.39
09/25/2019, $80.84, 527170, $79.02, $81.045, $78.81
09/24/2019, $78.69, 462682, $80.06, $80.56, $78.35
09/23/2019, $79.7, 638525, $79.42, $80.0973, $78.43
09/20/2019, $79.99, 833210, $80.12, $81.14, $79.49
09/19/2019, $79.98, 589248, $81.48, $82.395, $79.85
09/18/2019, $81.33, 599441, $81.77, $82.21, $80.47
09/17/2019, $82.26, 391902, $81.8, $82.78, $81.56
09/16/2019, $82.26, 409482, $83.04, $83.8, $82.07
09/13/2019, $83.23, 390771, $83.1, $84.26, $82.04
09/12/2019, $82.89, 1047326, $82.91, $84.1, $80.825
09/11/2019, $83.02, 1437836, $81.15, $84.86, $80.92
09/10/2019, $80.72, 533588, $81.11, $81.125, $79.95
09/09/2019, $80.87, 511104, $79.97, $81.02, $79.61
09/06/2019, $79.84, 467092, $80.54, $80.825, $79.38
09/05/2019, $80.31, 1082068, $77, $80.67, $76.76
09/04/2019, $75.79, 902228, $74.5, $76.27, $74.5
09/03/2019, $73.79, 1314520, $77.63, $77.685, $72.99
08/30/2019, $77.99, 861146, $78.01, $78.36, $77.2
08/29/2019, $77.19, 715299, $77.68, $78.39, $76.21
08/28/2019, $76.71, 1145942, $74.88, $76.72, $74.5
08/27/2019, $75.05, 488053, $75.75, $75.75, $74.34
08/26/2019, $74.97, 428430, $75.49, $75.83, $74.56
08/23/2019, $74.77, 956790, $75.84, $76.74, $74.475
08/22/2019, $76.28, 943372, $75.13, $76.41, $74.73
08/21/2019, $74.65, 500214, $74.85, $75.05, $74.47
08/20/2019, $74.13, 318269, $74.53, $74.68, $73.73
08/19/2019, $74.34, 520530, $74.68, $75.16, $74.295
08/16/2019, $73.77, 584273, $72.38, $74.19, $72.38
08/15/2019, $71.92, 353392, $72.14, $72.34, $71.43
08/14/2019, $71.97, 496203, $72.49, $72.6, $71.821
08/13/2019, $73.26, 475840, $72.16, $73.88, $72.02
08/12/2019, $72.4, 236329, $72.62, $72.67, $72.01
08/09/2019, $73, 350965, $72.84, $73.485, $72.51
08/08/2019, $73.35, 757731, $73.06, $73.86, $72.96
08/07/2019, $72.47, 600420, $71.18, $72.83, $70.74
08/06/2019, $72.08, 579026, $70.49, $72.595, $70.43
08/05/2019, $70, 642164, $69.56, $70.24, $69.02
08/02/2019, $71, 547221, $70.51, $71.54, $69.75
08/01/2019, $70.92, 848065, $69.7, $71.98, $69
07/31/2019, $72.3, 416965, $73.28, $73.86, $71.93
07/30/2019, $73.25, 517614, $72.1, $73.29, $71.84
07/29/2019, $72.49, 521149, $73.25, $73.53, $72.25
07/26/2019, $73.5, 270219, $72.81, $73.7, $72.51
07/25/2019, $72.8, 233421, $72.7, $73.13, $72.12
07/24/2019, $72.66, 525838, $72.61, $73.08, $72.39
07/23/2019, $73, 653426, $71.98, $73.28, $71.6633
07/22/2019, $71.49, 378976, $70.98, $72.085, $70.93
07/19/2019, $71.11, 555375, $70.89, $72.13, $70.89
07/18/2019, $70.88, 569779, $68.75, $71.38, $68.23
07/17/2019, $68.69, 846617, $71.42, $71.42, $68.52
07/16/2019, $71.56, 236281, $71.35, $72.02, $71.07
07/15/2019, $71.51, 363827, $70.73, $71.5857, $70.3384
07/12/2019, $70.52, 446646, $69.57, $70.92, $69.22
07/11/2019, $69.08, 553608, $69.96, $69.96, $68.64
07/10/2019, $69.79, 318768, $70.69, $71.27, $69.56
07/09/2019, $70.41, 257611, $70.66, $70.6877, $69.65
07/08/2019, $70.74, 398605, $70.99, $71.18, $70.58
07/05/2019, $71.11, 235698, $70.47, $71.13, $70.16
07/03/2019, $71.08, 298586, $70.82, $71.63, $70.445
07/02/2019, $70.82, 582403, $70.44, $71.339, $70.05
07/01/2019, $70.5, 742147, $71.27, $71.31, $69.5
06/28/2019, $69.41, 1036544, $69.75, $70.29, $69.14
06/27/2019, $69.77, 488103, $69.62, $69.89, $68.65
06/26/2019, $68.49, 387911, $68.94, $69.58, $68.47
06/25/2019, $68.87, 501743, $69.21, $69.48, $68.41
06/24/2019, $68.92, 1010310, $68.5, $69.46, $68.2786
06/21/2019, $68.61, 699980, $67.31, $68.84, $67.17
06/20/2019, $67.79, 487784, $67, $67.99, $66.27
06/19/2019, $65.83, 348855, $65.8, $66.33, $64.82
06/18/2019, $65.4, 302940, $64.82, $65.99, $64.82
06/17/2019, $64.26, 465678, $64.68, $64.96, $63.61
06/14/2019, $64.75, 529266, $65.3, $65.3, $64.58
06/13/2019, $65.44, 1247534, $63.56, $65.73, $63.34
06/12/2019, $63.1, 346798, $62.46, $63.33, $61.9451
06/11/2019, $62.57, 745559, $64, $65.73, $62.32
06/10/2019, $62.75, 1096383, $60.41, $62.92, $60.41
06/07/2019, $60.22, 528310, $59.18, $60.4, $59.03
06/06/2019, $58.83, 193037, $58.33, $58.845, $57.73
06/05/2019, $58.11, 259859, $58.24, $58.58, $57.13
06/04/2019, $57.87, 238464, $56.56, $57.93, $56.45
06/03/2019, $55.82, 295006, $55.35, $56.5, $55.28
05/31/2019, $55.15, 278622, $55.01, $55.43, $54.19
05/30/2019, $55.85, 219102, $55.96, $56.49, $55.445
05/29/2019, $55.69, 204410, $56.25, $56.59, $55.4
05/28/2019, $56.45, 325361, $56.69, $56.95, $56.31
05/24/2019, $56.5, 177510, $56.8, $56.98, $56.3
05/23/2019, $56.24, 311768, $56.46, $56.61, $55.71
05/22/2019, $57.1, 181436, $56.8, $57.16, $56.55
05/21/2019, $57.03, 288849, $56.92, $57.615, $56.44
05/20/2019, $56.46, 325290, $55.84, $56.9686, $55.84
05/17/2019, $56.55, 256572, $56.57, $57.15, $56.18
05/16/2019, $57.18, 345320, $56.88, $58.36, $56.75
05/15/2019, $56.64, 301533, $56.42, $57.08, $56.24
05/14/2019, $56.92, 319797, $57.32, $57.81, $56.89
05/13/2019, $57.08, 410260, $57.02, $57.34, $56.56
05/10/2019, $58.08, 346752, $57.62, $58.29, $57.27
05/09/2019, $58.08, 272707, $57.46, $58.36, $57.07
05/08/2019, $58.04, 271987, $58.68, $59.025, $57.99
05/07/2019, $58.75, 353429, $58.51, $59.3, $58.275
05/06/2019, $59.39, 559440, $58.99, $59.77, $58.4
05/03/2019, $59.99, 584451, $58.45, $60.69, $58.45
05/02/2019, $57.5, 748095, $56.43, $58.31, $55.835
05/01/2019, $54.82, 375752, $55.32, $55.445, $54.12
04/30/2019, $54.99, 359990, $54.94, $55.32, $54.51
04/29/2019, $54.99, 267450, $55.69, $56.12, $54.97
04/26/2019, $55.34, 266491, $54.9, $55.81, $54.56
04/25/2019, $54.78, 365389, $55.8, $55.8, $54.6836
04/24/2019, $56.27, 281744, $55.47, $56.42, $55.47
04/23/2019, $55.51, 244939, $54.4, $55.74, $54.09
04/22/2019, $54.33, 161988, $54.55, $55.08, $54.17
04/18/2019, $55.02, 195224, $54.46, $55.4, $54.27
04/17/2019, $54.48, 292754, $54.37, $54.73, $53.84
04/16/2019, $53.98, 369563, $54.56, $54.56, $53.4
04/15/2019, $54.36, 205023, $54.86, $54.98, $54.205
04/12/2019, $54.93, 168008, $55.02, $55.42, $54.53
04/11/2019, $54.61, 295229, $53.98, $54.67, $53.8544
04/10/2019, $54.06, 263958, $53.47, $54.14, $53.3
04/09/2019, $53.42, 261530, $54.12, $54.32, $53.19
04/08/2019, $54.5, 290139, $53.47, $54.61, $53.3983
04/05/2019, $53.83, 355250, $52.99, $53.9, $52.7
04/04/2019, $53, 245373, $52.36, $53.04, $51.95
04/03/2019, $52.39, 238356, $52.51, $53.11, $52.235
04/02/2019, $52.15, 194105, $52.72, $52.72, $51.67
04/01/2019, $52.66, 357078, $51.62, $52.78, $51.33
03/29/2019, $51.23, 273696, $51.25, $51.58, $50.7
03/28/2019, $50.76, 157775, $50.48, $51.18, $50.0059
03/27/2019, $50.48, 155937, $50.37, $50.79, $49.84
03/26/2019, $50.44, 166258, $50.06, $50.71, $50.03
03/25/2019, $49.58, 353721, $49.68, $50.63, $49.41
03/22/2019, $49.73, 332393, $51.53, $51.65, $49.5
03/21/2019, $51.9, 213321, $51.16, $52.3099, $51.16
03/20/2019, $51.55, 242898, $52.37, $52.37, $51.308
03/19/2019, $52.56, 170561, $53.23, $53.46, $52.44
03/18/2019, $53.05, 181679, $53.02, $53.33, $52.63
03/15/2019, $52.89, 590534, $53.01, $53.09, $52.4
03/14/2019, $52.83, 315320, $52.54, $53.08, $52.205
03/13/2019, $52.9, 363809, $53, $53.4241, $52.8
03/12/2019, $52.67, 264202, $52.87, $53.03, $52.52
03/11/2019, $52.79, 298465, $51.46, $52.81, $51.26
03/08/2019, $51.52, 295420, $50.86, $51.63, $50.86
03/07/2019, $51.27, 283994, $51.16, $51.37, $50.2847
03/06/2019, $51.07, 235030, $52.14, $52.3, $51.05
03/05/2019, $52.14, 276977, $52.65, $52.85, $52.14
03/04/2019, $52.66, 574793, $52.59, $53.02, $52.3
03/01/2019, $52.5, 605374, $51.76, $52.59, $51.54
02/28/2019, $51.56, 297948, $51.68, $51.98, $51.15
02/27/2019, $51.89, 331412, $51.87, $52.22, $51
02/26/2019, $51.97, 304665, $52.77, $52.81, $51.93
02/25/2019, $52.8, 281661, $53.5, $53.8, $52.79
02/22/2019, $52.94, 370547, $53.26, $53.83, $52.9
02/21/2019, $53.12, 302187, $53.62, $53.94, $52.785
02/20/2019, $53.85, 680506, $52.69, $54.26, $52.69
02/19/2019, $52.74, 569523, $52.54, $52.94, $51.51
02/15/2019, $52.63, 630216, $52.74, $53.15, $51.84
02/14/2019, $52.18, 1578675, $53.69, $54.89, $52
02/13/2019, $51.16, 350136, $51.57, $51.93, $51.14
02/12/2019, $51.42, 454835, $50.55, $51.56, $50.55
02/11/2019, $50.21, 399338, $50.04, $50.94, $49.96
02/08/2019, $49.99, 401471, $49.45, $50, $49.145
02/07/2019, $49.81, 534968, $50.25, $51.05, $49.36
02/06/2019, $50.78, 600813, $52.15, $52.38, $50.23
02/05/2019, $52.83, 273865, $53.28, $53.56, $52.79
02/04/2019, $52.79, 354774, $52.94, $53.21, $51.96
02/01/2019, $52.98, 344680, $52.93, $53.85, $52.525
01/31/2019, $52.93, 322339, $52.93, $53.23, $52.77
01/30/2019, $52.94, 378676, $53.1, $53.1, $51.96
01/29/2019, $52.75, 347444, $53.16, $53.62, $52.71
01/28/2019, $53.07, 426001, $53.05, $53.88, $52.89
01/25/2019, $53.62, 293217, $53.96, $54.22, $53.5005
01/24/2019, $53.46, 209021, $52.79, $53.76, $52.15
01/23/2019, $52.85, 330606, $54.25, $54.59, $52.29
01/22/2019, $54.08, 433820, $54.27, $54.62, $53.52
01/18/2019, $54.74, 513777, $54.62, $54.98, $54.08
01/17/2019, $54.13, 378290, $53.29, $54.66, $53.145
01/16/2019, $53.57, 384112, $53.42, $54.36, $53.2
01/15/2019, $53.44, 245536, $52.95, $53.62, $52.855
01/14/2019, $52.89, 253570, $53.2, $53.7, $52.605
01/11/2019, $53.54, 140396, $52.77, $53.69, $52.72
01/10/2019, $53.26, 176343, $52.48, $53.39, $52.38
01/09/2019, $52.77, 258944, $52.65, $53.06, $52.01
01/08/2019, $51.97, 360820, $51.72, $52, $50.79
01/07/2019, $51.07, 353504, $51.42, $51.97, $50.76
01/04/2019, $51.14, 291929, $50.12, $51.44, $49.4
01/03/2019, $49.15, 281566, $50.81, $50.95, $49.1
01/02/2019, $50.99, 433723, $48.74, $51.2, $48.42
12/31/2018, $49.7, 322330, $49.3, $49.89, $48.9001
12/28/2018, $49.11, 306147, $49.43, $50.44, $48.655
12/27/2018, $49.16, 228250, $47.47, $49.18, $47.27
12/26/2018, $48.4, 292400, $45.77, $48.48, $45.43
12/24/2018, $45.53, 329006, $46.75, $46.94, $45.5
12/21/2018, $47.2, 585177, $48.78, $49.02, $47.13
12/20/2018, $48.8, 382232, $49.99, $50.38, $48.22
12/19/2018, $50.2, 239827, $51.47, $52.3949, $49.88
12/18/2018, $51.43, 358026, $51.94, $52.61, $51.15
12/17/2018, $51.5, 355488, $51.98, $52.67, $51.05
12/14/2018, $52.12, 298155, $52.86, $53.72, $51.86
12/13/2018, $53.52, 307919, $53.29, $53.79, $53.13
12/12/2018, $53.19, 229499, $52.4, $53.91, $51.98
12/11/2018, $51.54, 433543, $53.63, $54.14, $51.29
12/10/2018, $52.69, 263286, $52.43, $52.91, $51.42
12/07/2018, $52.52, 383245, $52.9, $53.73, $51.6
12/06/2018, $52.83, 425147, $51.48, $52.83, $50.52
12/04/2018, $52.41, 593950, $56.33, $56.43, $52.06
12/03/2018, $56.2, 533620, $57.67, $58, $55.775
11/30/2018, $56.92, 342599, $56.47, $57.14, $56.16
11/29/2018, $56.77, 192089, $56.95, $57.33, $56.23
11/28/2018, $57.18, 434863, $56.44, $57.75, $56
11/27/2018, $56.19, 358445, $55.04, $56.33, $55.04
11/26/2018, $55.23, 633887, $55.15, $55.48, $54.275
11/23/2018, $54.54, 377120, $55.95, $56.19, $54.49
11/21/2018, $56.56, 594920, $55.93, $57.8, $55.795
11/20/2018, $55.56, 476009, $55.52, $55.7, $54.24
11/19/2018, $56.19, 315030, $56.77, $56.77, $55.55
11/16/2018, $56.8, 329769, $56.05, $56.97, $55.66
11/15/2018, $56.32, 347545, $55.13, $56.32, $54.35
11/14/2018, $55.55, 379446, $55.55, $56.68, $54.72
11/13/2018, $54.9, 488856, $53.88, $55.75, $53.71
11/12/2018, $53.58, 314664, $54.4, $54.79, $53.505
11/09/2018, $54.51, 369343, $54.3, $54.77, $53.82
11/08/2018, $54.75, 247546, $55.81, $56.11, $54.7
11/07/2018, $56.13, 582596, $54.34, $56.16, $53.92
11/06/2018, $54.11, 328191, $52.59, $54.13, $52.43
11/05/2018, $52.65, 550027, $52.42, $53.44, $51.84
11/02/2018, $52.27, 633943, $54.43, $54.52, $51.95
11/01/2018, $53.72, 1191099, $53.21, $54.07, $50
10/31/2018, $50.73, 788334, $50.91, $51.39, $50.34
10/30/2018, $50.34, 318905, $48.95, $50.4599, $48.95
10/29/2018, $49.19, 551188, $50.58, $51.3, $48.53
10/26/2018, $49.73, 377235, $50.21, $50.53, $49.23
10/25/2018, $50.85, 584771, $50.6, $51.24, $50.13
10/24/2018, $50.33, 757613, $53.11, $53.225, $50.31
10/23/2018, $53.24, 539170, $54.1, $54.44, $52.73
10/22/2018, $55.13, 376939, $56.09, $56.09, $55.065
10/19/2018, $55.95, 415767, $56.51, $57.2108, $55.56
10/18/2018, $56.5, 512154, $57.57, $57.6795, $56.19
10/17/2018, $56.3, 349162, $56.93, $56.93, $55.79
10/16/2018, $57.18, 458103, $55.73, $57.26, $55.1
10/15/2018, $55.51, 678635, $54.49, $56.18, $54.4
10/12/2018, $54.63, 943979, $55, $55.19, $53.07
10/11/2018, $54.47, 1313130, $56.87, $57, $54.42
10/10/2018, $57.05, 1917954, $58.03, $58.67, $56.5
10/09/2018, $57.05, 1173308, $57.57, $57.745, $57
10/08/2018, $57.04, 474925, $56, $57.17, $56
10/05/2018, $56.13, 1148102, $55.98, $56.45, $55.54
10/04/2018, $56.03, 405757, $55.34, $56.08, $54.96
10/03/2018, $55.41, 350406, $55.23, $55.49, $54.735
10/02/2018, $55.21, 701143, $55.55, $55.657, $54.51
10/01/2018, $56.49, 369195, $56.75, $57.1, $55.86
09/28/2018, $56.41, 446526, $56.34, $57.44, $56.16
09/27/2018, $56.3, 488532, $57.33, $57.7, $56.11
09/26/2018, $57.17, 270238, $58.19, $58.19, $57.13
09/25/2018, $58, 268914, $58.36, $58.36, $57.78
09/24/2018, $58.19, 282083, $57.96, $58.345, $57.36
09/21/2018, $57.97, 547213, $58.32, $58.6125, $57.71
09/20/2018, $58.02, 349848, $57.76, $58.38, $57.44
09/19/2018, $57.32, 378779, $58.35, $58.89, $57.1
09/18/2018, $58.46, 440985, $58.26, $58.64, $57.7644
09/17/2018, $58.15, 525299, $57.68, $58.64, $57
09/14/2018, $57.5, 534154, $57.36, $57.729, $56.68
09/13/2018, $57.66, 642033, $57.765, $58.3421, $56.6
09/12/2018, $58.14, 1165798, $59.6, $59.6, $57.16
09/11/2018, $59.44, 1365805, $60.3, $60.7, $58.635
09/10/2018, $58.83, 2540422, $57.11, $59.63, $57.11
09/07/2018, $55.72, 443738, $55.28, $55.93, $54.74
09/06/2018, $55.5, 442969, $55, $56, $55
09/05/2018, $54.9, 444983, $54.94, $55.065, $54.46
09/04/2018, $54.94, 450900, $55.42, $55.42, $54.38
08/31/2018, $55.49, 333722, $54.69, $55.56, $54.69
08/30/2018, $54.93, 277724, $55.08, $55.41, $54.63
08/29/2018, $55.32, 369992, $55.29, $55.47, $54.81
08/28/2018, $55.07, 383217, $54.93, $55.24, $54.74
08/27/2018, $54.79, 270470, $54.55, $54.91, $54.48
08/24/2018, $54.36, 354072, $54.39, $54.56, $53.77
08/23/2018, $54.26, 419845, $56.02, $56.45, $54.09
08/22/2018, $56.11, 666542, $55.65, $56.61, $55.65
08/21/2018, $55.74, 786594, $54.77, $55.96, $54.63
08/20/2018, $54.66, 333626, $54.97, $55.35, $54.61
08/17/2018, $54.8, 402623, $54.68, $56.4, $54.63
08/16/2018, $54.8, 311997, $54.35, $55.1, $54.35
08/15/2018, $54.13, 386962, $54.56, $54.56, $53.54
08/14/2018, $54.87, 390214, $53.98, $54.965, $53.85
08/13/2018, $53.9, 228204, $54.93, $55.035, $53.8553
08/10/2018, $54.69, 191505, $54.97, $55.15, $54.345
08/09/2018, $55.27, 302291, $55.56, $55.93, $55.22
08/08/2018, $55.54, 783718, $55.72, $56.06, $55.41
08/07/2018, $55.68, 502972, $55.4, $55.899, $55.2
08/06/2018, $55.14, 652359, $55.86, $55.86, $55.03
08/03/2018, $55.76, 701462, $55.62, $55.83, $55.36
08/02/2018, $55.39, 1086859, $55.02, $55.87, $54.33
08/01/2018, $54.47, 1451188, $55.53, $56.64, $52.934
07/31/2018, $53.75, 560239, $53.12, $53.92, $52.9
07/30/2018, $52.9, 433678, $52.93, $53.33, $52.84
07/27/2018, $52.81, 461074, $53.38, $53.5, $52.64
07/26/2018, $53.28, 272912, $52, $53.47, $52
07/25/2018, $51.87, 332462, $51.5, $51.93, $50.86
07/24/2018, $51.61, 366776, $51.44, $52.16, $51.4001
07/23/2018, $51.35, 339233, $50.94, $51.64, $50.15
07/20/2018, $50.87, 189165, $51.19, $51.48, $50.73
07/19/2018, $51.41, 279815, $50.92, $51.42, $50.31
07/18/2018, $51.02, 421050, $50.7, $51.09, $50.49
07/17/2018, $50.42, 1057662, $50.65, $50.91, $49.64
07/16/2018, $52.38, 252528, $52.96, $53.16, $52.06
07/13/2018, $53.01, 188373, $52.76, $53.3, $52.725
07/12/2018, $52.76, 234109, $53.43, $53.56, $52.46
07/11/2018, $52.9, 350323, $53.17, $53.43, $52.63
07/10/2018, $53.57, 317346, $53.6, $54.19, $53.435
07/09/2018, $53.67, 339733, $53.6, $54.1499, $53.34
07/06/2018, $53.22, 368905, $52.93, $53.57, $52.75
07/05/2018, $52.97, 325533, $52.09, $52.99, $52.08
07/03/2018, $51.64, 178551, $51.99, $52.24, $51.42
07/02/2018, $51.5, 418908, $51.39, $51.83, $50.56
06/29/2018, $51.73, 452785, $51.4, $51.88, $51.355
06/28/2018, $51.3, 277737, $50.76, $51.42, $50.31
06/27/2018, $50.76, 410718, $50.73, $51.77, $50.69
06/26/2018, $50.72, 316324, $50.25, $50.86, $49.8259
06/25/2018, $50.03, 272413, $50.27, $50.45, $49.6
06/22/2018, $50.46, 372366, $50.67, $50.77, $50.2101
06/21/2018, $50.21, 416094, $51.56, $51.56, $49.75
06/20/2018, $51.51, 443388, $52.5, $52.5, $51.07
06/19/2018, $52.25, 479732, $52.29, $52.3, $51.53
06/18/2018, $52.82, 454214, $52.13, $53.14, $52.13
06/15/2018, $52.56, 447238, $51.95, $52.59, $51.34
06/14/2018, $52.08, 614935, $51.36, $52.1, $50.865
06/13/2018, $51.28, 303380, $51.36, $51.49, $50.9
06/12/2018, $51.14, 286659, $51.35, $51.67, $51.0601
06/11/2018, $51.22, 185887, $51.05, $51.36, $50.94
06/08/2018, $51.06, 250001, $50.97, $51.26, $50.76
06/07/2018, $51.03, 217392, $51.15, $51.31, $50.76
06/06/2018, $51.04, 380046, $50.4, $51.24, $50.29
06/05/2018, $50.25, 333026, $50.36, $50.46, $50
06/04/2018, $50.39, 226308, $50.54, $50.622, $50.28
06/01/2018, $50.44, 362286, $50.46, $50.7, $50.255
05/31/2018, $50.09, 251092, $50.54, $50.58, $50
05/30/2018, $50.52, 272912, $49.76, $50.56, $49.74
05/29/2018, $49.38, 355136, $48.85, $49.4, $48.7944
05/25/2018, $49.04, 317912, $49.04, $49.1598, $48.46
05/24/2018, $49.33, 413717, $49.85, $49.97, $48.84
05/23/2018, $50.54, 292207, $49.94, $50.59, $49.85
05/22/2018, $50.12, 231971, $50.6, $50.98, $50.09
05/21/2018, $50.4, 329248, $50.03, $50.8, $49.73
05/18/2018, $49.71, 356732, $49.53, $50.23, $49.21
05/17/2018, $49.33, 189177, $49.02, $49.71, $48.98
05/16/2018, $48.94, 286502, $48.52, $49.36, $48.38
05/15/2018, $48.55, 274356, $48.45, $48.83, $48.2525
05/14/2018, $48.64, 206232, $49.27, $49.43, $48.59
05/11/2018, $49.25, 431745, $48.76, $49.33, $48.66
05/10/2018, $48.66, 401420, $48.5, $48.98, $48.36
05/09/2018, $48.45, 493049, $47.62, $48.6, $47.495
05/08/2018, $47.51, 342269, $47.02, $47.76, $46.97
05/07/2018, $47.03, 412251, $46.46, $47.28, $45.99
05/04/2018, $46.03, 574529, $44.85, $46.33, $44.25
05/03/2018, $44.94, 433423, $45.18, $45.75, $44.76
05/02/2018, $45.35, 1318272, $47.37, $48.54, $43.65
05/01/2018, $44.97, 555609, $44.78, $45.09, $44.21
04/30/2018, $45.01, 643368, $45.02, $45.48, $44.84
04/27/2018, $45.03, 624147, $45.21, $45.55, $44.785
04/26/2018, $45.3, 506256, $45.92, $45.92, $44.7
04/25/2018, $45.84, 350026, $45.46, $46.02, $45.46
04/24/2018, $45.63, 314253, $46.88, $46.97, $45.07
04/23/2018, $46.59, 530423, $45.93, $47.09, $45.93
04/20/2018, $45.77, 561792, $47.08, $47.21, $45.525
04/19/2018, $47.19, 373680, $47.89, $48, $46.98
04/18/2018, $47.9, 565677, $48.1, $48.2488, $47.8601
04/17/2018, $47.84, 1430963, $47.37, $48, $47.33
04/16/2018, $47.01, 990546, $46.49, $47.11, $45.86
04/13/2018, $45.97, 378970, $46.57, $46.64, $45.71
04/12/2018, $46.23, 416719, $45.98, $46.57, $45.86
04/11/2018, $45.79, 314062, $45.5, $46.05, $45.36
04/10/2018, $45.81, 402478, $45.64, $46.12, $45.34
04/09/2018, $44.91, 287946, $45.65, $45.83, $44.83
04/06/2018, $45.3, 293450, $45.79, $45.97, $44.85
04/05/2018, $46.21, 409583, $45.98, $46.47, $45.79
04/04/2018, $45.7, 314172, $44.43, $45.95, $44.16
04/03/2018, $45.27, 269545, $44.77, $45.295, $44.37
04/02/2018, $44.63, 352124, $45.93, $45.93, $44
03/29/2018, $45.91, 380475, $46.12, $46.685, $45.84
03/28/2018, $46.04, 926623, $45.35, $46.91, $45.2
03/27/2018, $45.07, 399440, $45.84, $45.84, $44.81
03/26/2018, $45.64, 272138, $45.23, $45.73, $44.71
03/23/2018, $44.47, 230082, $45.5, $45.5184, $44.47
03/22/2018, $45.32, 323806, $46.37, $46.48, $45.32
03/21/2018, $46.79, 418755, $47.08, $47.25, $46.58
03/20/2018, $46.86, 303452, $46.7, $47.38, $46.66
03/19/2018, $46.63, 674995, $47.19, $47.19, $46.12
03/16/2018, $47.39, 1172104, $46.56, $48.44, $46.56
03/15/2018, $46.32, 446235, $46.47, $46.75, $46
03/14/2018, $46.35, 707265, $46.51, $46.92, $46.18
03/13/2018, $46.51, 358130, $46.78, $47.26, $46.41
03/12/2018, $46.68, 434224, $47.56, $47.81, $46.4
03/09/2018, $47.61, 488866, $47.29, $48.0216, $46.9647
03/08/2018, $47.01, 775059, $45.71, $47.09, $45.6074
03/07/2018, $45.45, 456371, $44.88, $45.62, $44.66
03/06/2018, $45.25, 724205, $44.52, $45.51, $44.22
03/05/2018, $44.5, 369819, $43.8, $44.84, $43.6882
03/02/2018, $43.72, 577761, $43.03, $44.21, $42.96
03/01/2018, $43.34, 567978, $44.42, $44.78, $42.98
02/28/2018, $44.48, 358993, $46.19, $46.32, $44.46
02/27/2018, $46.11, 418353, $46.14, $46.61, $45.99
02/26/2018, $46.2, 288078, $45.47, $46.31, $45.21
02/23/2018, $45.39, 214513, $45.77, $45.9, $44.85
02/22/2018, $45.65, 364868, $45.31, $46.03, $45.245
02/21/2018, $45.09, 256361, $45.23, $45.88, $45.08
02/20/2018, $45.11, 219735, $45.43, $45.99, $44.93
02/16/2018, $45.69, 265406, $45.6, $46.55, $45.42
02/15/2018, $45.75, 584250, $46.97, $46.97, $45.21
02/14/2018, $46.58, 1425466, $46.64, $47.01, $45.44
02/13/2018, $45.03, 2052213, $49.5, $49.5, $44.28
02/12/2018, $47.99, 563941, $46.61, $48.51, $46.47
02/09/2018, $46.47, 577794, $46.86, $47.66, $45.17
02/08/2018, $46.53, 332893, $48.51, $48.8, $46.52
02/07/2018, $48.4, 317729, $48.43, $49.07, $48.221
02/06/2018, $48.63, 573376, $47.11, $49, $47
02/05/2018, $48.29, 674304, $48.55, $49.89, $47.961
02/02/2018, $49.24, 343764, $48.7, $49.54, $48.7
02/01/2018, $49.23, 401681, $48.58, $49.23, $48.27
01/31/2018, $48.93, 383526, $50.7, $50.92, $48.86
01/30/2018, $50.47, 271431, $50.98, $51.35, $50.43
01/29/2018, $51.42, 381943, $51.05, $51.9, $50.65
01/26/2018, $51.14, 142173, $50.84, $51.23, $50.5
01/25/2018, $50.61, 279704, $51.75, $51.88, $50.15
01/24/2018, $51.5, 623565, $51.79, $52.65, $50.54
01/23/2018, $51.63, 237269, $51.56, $51.82, $51.06
01/22/2018, $51.7, 294316, $51.5, $51.87, $51.24
01/19/2018, $51.64, 473941, $50.52, $51.73, $50.43
01/18/2018, $50.41, 354899, $50.75, $51.21, $50.37
01/17/2018, $50.55, 454981, $49.27, $50.6, $49.13
01/16/2018, $48.99, 299004, $49.6, $49.86, $48.76
01/12/2018, $49.27, 252764, $49.1, $49.7, $48.95
01/11/2018, $49.02, 511702, $47.66, $49.13, $47.45
01/10/2018, $47.39, 748457, $48.21, $48.21, $46.59
01/09/2018, $48.35, 587404, $49.47, $50.13, $48.215
01/08/2018, $49.53, 269774, $50.4, $50.4, $49.43
01/05/2018, $50.41, 234848, $50.15, $50.49, $49.94
01/04/2018, $50.07, 426608, $50.2, $50.72, $49.82
01/03/2018, $49.73, 842084, $48.03, $50.15, $47.87
01/02/2018, $48.03, 560946, $49.66, $49.66, $47.95
12/29/2017, $49.52, 351694, $50, $50.3, $49.4
12/28/2017, $49.81, 166068, $50, $50, $49.52
12/27/2017, $49.86, 156529, $50, $50.15, $49.77
12/26/2017, $50.15, 196807, $50.37, $50.5, $50.02
12/22/2017, $50.36, 167929, $50.33, $50.49, $49.92
12/21/2017, $50.13, 177362, $49.91, $50.34, $49.62
12/20/2017, $49.65, 408611, $49.78, $49.84, $49.47
12/19/2017, $49.41, 252799, $49.95, $50.06, $49.27
12/18/2017, $49.88, 542090, $49.67, $50.33, $49.63
12/15/2017, $48.94, 646528, $48.71, $49.3, $48.65
12/14/2017, $48.51, 320793, $49.82, $49.96, $48.14
12/13/2017, $49.72, 311324, $49.57, $49.97, $49.52
12/12/2017, $49.42, 329758, $49.42, $49.85, $49.29
12/11/2017, $49.28, 382027, $49.04, $49.49, $49.04
12/08/2017, $48.86, 373227, $48.79, $49.26, $48.42
12/07/2017, $48.67, 266288, $48.48, $49.11, $48.12
12/06/2017, $48.54, 287234, $48.42, $48.98, $48.34
12/05/2017, $48.5, 410377, $48.64, $48.89, $48.15
12/04/2017, $48.76, 457864, $49.28, $50.25, $48.71
12/01/2017, $48.73, 613861, $49.05, $49.31, $47.81
11/30/2017, $49.17, 459678, $48.55, $49.38, $48.261
11/29/2017, $48.31, 401060, $48.84, $49.2, $48.1
11/28/2017, $48.84, 415213, $48.3, $48.94, $48.0101
11/27/2017, $48.21, 621487, $48.75, $48.82, $47.88
11/24/2017, $48.76, 137743, $48.77, $48.97, $48.37
11/22/2017, $48.68, 313723, $48.43, $49.05, $47.97
11/21/2017, $48.58, 485954, $48.79, $49.125, $48.47
11/20/2017, $48.76, 766189, $49.65, $49.77, $47.75
11/17/2017, $50.31, 486331, $50.05, $50.7, $49.85
11/16/2017, $50.19, 471904, $49.89, $50.44, $49.6401
11/15/2017, $49.4, 361746, $49.27, $49.62, $48.861
11/14/2017, $49.54, 373469, $49.61, $50.04, $49.43
11/13/2017, $49.73, 479761, $49.42, $50.02, $49.22
11/10/2017, $49.84, 493353, $48.83, $50.18, $48.72
11/09/2017, $48.91, 416482, $49.04, $49.56, $48.55
11/08/2017, $49.3, 591499, $49.01, $49.66, $48.85
11/07/2017, $49.31, 398640, $50.5, $50.5, $48.95
11/06/2017, $50.6, 369937, $50.07, $50.82, $49.78
11/03/2017, $50.2, 546157, $51.41, $51.41, $50.12
11/02/2017, $51.3, 830363, $50.58, $51.5, $50.39
11/01/2017, $50.34, 1433813, $53.78, $53.78, $48.53
10/31/2017, $52.09, 570596, $51.99, $52.63, $51.9265
10/30/2017, $51.95, 413735, $51.7, $52.07, $51.462
10/27/2017, $51.98, 433512, $52.02, $52.16, $51.1275
10/26/2017, $52, 486203, $52, $52.17, $51.7
10/25/2017, $51.69, 456800, $51.61, $51.83, $50.83
10/24/2017, $51.63, 392004, $50.95, $52.03, $50.95
10/23/2017, $50.86, 435344, $50.97, $51.15, $50.41
10/20/2017, $50.61, 452429, $49.85, $50.65, $49.63
10/19/2017, $49.35, 665979, $49.83, $49.83, $48.791
10/18/2017, $50, 753135, $50.58, $50.7, $49.705
10/17/2017, $50.49, 808010, $50.95, $51.189, $50.1
10/16/2017, $50.89, 463128, $50.77, $50.99, $50.54
10/13/2017, $50.58, 359706, $50.14, $50.58, $49.84
10/12/2017, $49.88, 819015, $49.34, $50.29, $49.34
10/11/2017, $49.09, 350690, $48.93, $49.225, $48.93
10/10/2017, $48.92, 324509, $48.96, $48.98, $48.58
10/09/2017, $48.73, 423619, $49.07, $49.29, $48.68
10/06/2017, $49.03, 364884, $48.57, $49.1, $48.52
10/05/2017, $48.73, 631715, $48.75, $48.92, $48.53
10/04/2017, $48.74, 366921, $48.68, $49.11, $48.51
10/03/2017, $48.68, 512914, $48.66, $48.965, $48.38
10/02/2017, $48.62, 975661, $47.9, $48.7, $47.3
09/29/2017, $45.93, 487922, $45.57, $46.36, $45.55
09/28/2017, $45.62, 480677, $45.52, $45.8122, $45.38
09/27/2017, $45.5, 525063, $45.42, $45.6623, $44.992
09/26/2017, $45.11, 297940, $45.48, $45.5, $45.02
09/25/2017, $45.42, 380171, $45.38, $45.64, $45.13
09/22/2017, $45.38, 538304, $44.95, $45.49, $44.671
09/21/2017, $45, 615312, $45.93, $45.93, $44.87
09/20/2017, $45.93, 813706, $46.14, $46.75, $45.691
09/19/2017, $46.15, 521134, $46.12, $46.58, $45.936
09/18/2017, $46.06, 1111777, $45.8, $46.52, $45.476
09/15/2017, $45.28, 2011497, $44.29, $45.61, $44.08
09/14/2017, $43.16, 610509, $43.09, $43.388, $42.88
09/13/2017, $42.97, 939745, $43.55, $43.94, $42.75
09/12/2017, $43.42, 1160698, $42.22, $43.64, $42.1685
09/11/2017, $41.91, 1365416, $41.68, $42.319, $41.55
09/08/2017, $41.8, 1751032, $42.75, $43.3499, $41.45
09/07/2017, $42.85, 2367990, $44, $44.34, $42.12
09/06/2017, $43.59, 1598356, $43.15, $43.96, $42.56
09/05/2017, $42.05, 1321143, $41.04, $42.32, $41.02
09/01/2017, $40.66, 639039, $40.4, $41, $40.2
08/31/2017, $40.38, 792977, $39.56, $40.4149, $39.311
08/30/2017, $39.45, 691255, $37.83, $39.47, $37.7426
08/29/2017, $37.8, 561442, $37.74, $38.58, $37.6959
08/28/2017, $38.06, 1066309, $38.99, $39.17, $37.8
08/25/2017, $38.59, 845763, $38, $38.75, $37.91
08/24/2017, $37.7, 719880, $36.46, $37.74, $36.19
08/23/2017, $36.19, 200951, $36.94, $36.94, $36.14
08/22/2017, $37.24, 215160, $36.86, $37.26, $36.51
08/21/2017, $36.68, 193029, $36.45, $36.86, $36.415
08/18/2017, $36.41, 248472, $35.98, $36.62, $35.94
08/17/2017, $36.35, 195740, $37.13, $37.27, $36.34
08/16/2017, $37.24, 218837, $37.31, $37.5, $37.14
08/15/2017, $37.13, 178476, $37.74, $37.74, $37.11
08/14/2017, $37.66, 168512, $37.7, $37.835, $37.53
08/11/2017, $37.39, 399635, $37.11, $37.44, $36.8511
08/10/2017, $37.35, 299043, $38.13, $38.18, $37.35
08/09/2017, $38.31, 375373, $38.37, $38.61, $38.145
08/08/2017, $38.64, 517607, $38.24, $39.28, $38.165
08/07/2017, $38.35, 516070, $38.22, $39.11, $38.13
08/04/2017, $38.22, 282117, $37.79, $38.4, $37.7866
08/03/2017, $37.76, 539951, $37.38, $37.94, $37.23
08/02/2017, $37.35, 613607, $37.75, $38.09, $36.53
08/01/2017, $36.85, 663531, $36, $37.02, $35.54
07/31/2017, $35.97, 259591, $36.19, $36.23, $35.51
07/28/2017, $36.06, 164660, $36.04, $36.35, $35.78
07/27/2017, $36.19, 134083, $36.34, $36.38, $35.96
07/26/2017, $36.17, 252082, $36.56, $36.57, $35.87
07/25/2017, $36.54, 209566, $36.81, $36.97, $36.32
07/24/2017, $36.49, 276109, $36.28, $36.54, $36.03
07/21/2017, $36.37, 315717, $37.07, $37.07, $36.365
07/20/2017, $36.81, 240734, $36.65, $36.86, $36.51
07/19/2017, $36.65, 211029, $36.2, $36.73, $36.13
07/18/2017, $36.2, 187892, $36.11, $36.21, $35.69
07/17/2017, $36.2, 181399, $36.02, $36.4002, $35.93
07/14/2017, $36.03, 135736, $35.91, $36.32, $35.89
07/13/2017, $35.92, 242285, $35.97, $36.32, $35.61
07/12/2017, $35.95, 268882, $36.18, $36.35, $35.86
07/11/2017, $35.91, 188194, $36.04, $36.225, $35.66
07/10/2017, $36.15, 416454, $35.89, $36.33, $35.89
07/07/2017, $36.14, 209883, $36.07, $36.28, $35.81
07/06/2017, $36.03, 298072, $36.56, $36.58, $35.91
07/05/2017, $36.75, 291703, $36.43, $36.76, $36.255
07/03/2017, $36.59, 197065, $36.27, $36.74, $36.18
06/30/2017, $36.13, 318243, $36.31, $36.59, $36.01
06/29/2017, $36.15, 569613, $35.93, $36.38, $35.81
06/28/2017, $35.75, 298728, $35.66, $35.9699, $35.59
06/27/2017, $35.43, 292985, $35.6, $35.66, $35.18
06/26/2017, $35.59, 286370, $36, $36.05, $35.23
06/23/2017, $35.9, 326114, $35.53, $35.94, $35.41
06/22/2017, $35.53, 181081, $35.31, $35.69, $35.28
06/21/2017, $35.37, 260975, $35.77, $35.77, $35.27
06/20/2017, $35.65, 223210, $35.9, $35.9, $35.39
06/19/2017, $36.09, 336872, $35.77, $36.24, $35.755
06/16/2017, $35.6, 424906, $35.8, $35.855, $35.22
06/15/2017, $36, 184163, $35.6, $36.08, $35.52
06/14/2017, $35.99, 385774, $36.08, $36.28, $35.69
06/13/2017, $36.06, 260617, $36.05, $36.21, $35.53
06/12/2017, $36.03, 323785, $36.36, $36.7, $35.93
06/09/2017, $36.28, 403338, $35.42, $36.37, $35.3189
06/08/2017, $35.35, 572307, $35.38, $35.56, $35.07
06/07/2017, $35.33, 336691, $35.4, $35.62, $35.13
06/06/2017, $35.4, 213655, $35.27, $35.6, $35.06
06/05/2017, $35.63, 215540, $35.91, $35.91, $35.44
06/02/2017, $35.95, 308554, $35.93, $36.6, $35.74
06/01/2017, $35.92, 326450, $34.89, $36.12, $34.64
05/31/2017, $34.65, 336281, $34.45, $34.72, $33.7652
05/30/2017, $34.52, 358694, $34.76, $35.06, $34.51
05/26/2017, $34.83, 281216, $34.76, $34.96, $34.56
05/25/2017, $34.75, 388834, $34.96, $35.07, $34.68
05/24/2017, $34.93, 484888, $35.27, $35.41, $34.66
05/23/2017, $35.18, 270425, $35.17, $35.45, $34.73
05/22/2017, $35.09, 263775, $35.3, $35.39, $34.8
05/19/2017, $35.22, 291374, $34.98, $35.78, $34.98
05/18/2017, $34.91, 428969, $34.83, $35.22, $34.61
05/17/2017, $35.05, 463652, $34.95, $35.18, $34.73
05/16/2017, $35.64, 313006, $35.84, $35.84, $35.03
05/15/2017, $35.75, 267165, $35.18, $35.79, $35.14
05/12/2017, $35.14, 291521, $35.86, $35.86, $35.12
05/11/2017, $36.02, 313110, $35.86, $36.1, $35.14
05/10/2017, $35.94, 279105, $35.95, $36.085, $35.68
05/09/2017, $36.03, 312159, $36.06, $36.4, $35.82
05/08/2017, $36.02, 176971, $36.15, $36.15, $35.69
05/05/2017, $36.08, 277767, $35.82, $36.175, $35.63
05/04/2017, $35.68, 308550, $35.4, $35.72, $35.01
05/03/2017, $35.3, 515456, $35.53, $35.67, $34.56
05/02/2017, $35.8, 443795, $35.54, $35.89, $35.2
05/01/2017, $35.54, 481804, $35.24, $35.7897, $34.81
04/28/2017, $35.17, 666095, $36.34, $36.43, $34.82
04/27/2017, $36.23, 515074, $37.04, $37.34, $35.96
04/26/2017, $37.29, 468518, $37.1, $37.68, $37.1
04/25/2017, $37.13, 344162, $36.99, $37.665, $36.97
04/24/2017, $36.72, 404995, $36.8, $36.85, $36.43
04/21/2017, $35.99, 762240, $35.91, $36.15, $35.55
04/20/2017, $35.97, 523344, $35.76, $36.14, $35.66
04/19/2017, $35.5, 315397, $35.96, $36.225, $35.31
04/18/2017, $35.69, 617216, $35.57, $35.985, $35.44
04/17/2017, $35.75, 638802, $35.15, $35.76, $35.15
04/13/2017, $35.05, 411493, $35.61, $35.83, $34.9
04/12/2017, $35.6, 358303, $36.61, $36.61, $35.59
04/11/2017, $36.61, 432632, $36.06, $36.67, $35.87
04/10/2017, $36.19, 329462, $35.96, $36.61, $35.83
04/07/2017, $35.89, 317247, $35.77, $36.04, $35.56
04/06/2017, $35.77, 559212, $34.95, $36.09, $34.9
04/05/2017, $34.79, 857361, $35.74, $36.7, $34.75
04/04/2017, $36.92, 258588, $36.91, $37.26, $36.72
04/03/2017, $37.03, 440899, $37.3, $37.62, $36.7
03/31/2017, $37.28, 791358, $37.43, $37.61, $37.19
03/30/2017, $37.51, 348018, $37.39, $37.74, $37.34
03/29/2017, $37.4, 477945, $37.41, $37.63, $37.18
03/28/2017, $37.51, 434985, $37.23, $37.87, $36.85
03/27/2017, $37.49, 463611, $36.61, $37.68, $36.55
03/24/2017, $37.31, 270513, $37.4, $37.73, $36.97
03/23/2017, $37.32, 288801, $37.02, $37.78, $36.65
03/22/2017, $37.01, 514546, $36.67, $37.19, $36.48
03/21/2017, $36.79, 402491, $38.27, $38.27, $36.79
03/20/2017, $38.07, 328823, $38.37, $38.52, $37.87
03/17/2017, $38.46, 398170, $38.78, $38.78, $38.37
03/16/2017, $38.52, 182081, $38.95, $38.95, $38.43
03/15/2017, $38.74, 375886, $38.25, $38.87, $38
03/14/2017, $37.99, 486808, $38.8, $38.8, $37.55
03/13/2017, $39.17, 785371, $39, $39.54, $38.661
03/10/2017, $38.66, 232337, $38.77, $38.95, $38.48
03/09/2017, $38.38, 140598, $38.65, $39.02, $38.3097
03/08/2017, $38.66, 185312, $39.29, $39.29, $38.62
03/07/2017, $39.18, 223571, $39.36, $39.49, $38.81
03/06/2017, $39.55, 253383, $39.21, $39.58, $39.11
03/03/2017, $39.47, 220835, $39.77, $40.02, $39.33
03/02/2017, $39.67, 309231, $39.64, $40.29, $39.55
03/01/2017, $39.83, 422606, $39.84, $40.58, $39.66
02/28/2017, $39.04, 383936, $39.85, $39.85, $39.02
02/27/2017, $39.87, 426063, $39.18, $40.12, $39.1
02/24/2017, $39.3, 304414, $39.56, $39.56, $39.12
02/23/2017, $40.07, 341368, $40.92, $40.95, $39.46
02/22/2017, $40.74, 483798, $40.21, $40.78, $40.15
02/21/2017, $40.34, 374333, $40.47, $40.7544, $40.26
02/17/2017, $40.45, 734835, $39.99, $40.76, $39.48
02/16/2017, $40.16, 531710, $40.36, $40.71, $39.48
02/15/2017, $40.5, 638878, $39.88, $40.87, $39.8
02/14/2017, $39.8, 1472513, $44.69, $44.84, $39.2
02/13/2017, $42.64, 419734, $42.34, $42.85, $42.34
02/10/2017, $42.21, 434160, $41.81, $42.27, $41.72
02/09/2017, $41.79, 335036, $40.89, $41.91, $40.72
02/08/2017, $40.79, 385163, $41.35, $41.35, $40.25
02/07/2017, $41.29, 405439, $40.91, $41.8, $40.81
02/06/2017, $40.55, 194760, $40.43, $40.8, $39.99
02/03/2017, $40.6, 364381, $40.5, $40.6648, $40.12
02/02/2017, $40.22, 313265, $40.23, $40.36, $39.92
02/01/2017, $40.25, 546918, $40.36, $40.87, $39.92
01/31/2017, $40.26, 310889, $39.84, $40.38, $39.48
01/30/2017, $39.88, 631419, $39.98, $40.23, $39.55
01/27/2017, $40.31, 188612, $40.69, $40.825, $40.15
01/26/2017, $40.69, 270484, $40.54, $40.76, $40.34
01/25/2017, $40.45, 532086, $40.6, $40.76, $40.25
01/24/2017, $40.05, 332490, $38.87, $40.14, $38.87
01/23/2017, $38.69, 363135, $38.49, $38.8, $38.36
01/20/2017, $38.6, 394034, $38.35, $38.79, $38.09
01/19/2017, $38.36, 406857, $37.94, $38.85, $37.87
01/18/2017, $37.86, 321463, $38.02, $38.33, $37.7
01/17/2017, $37.75, 483949, $37.62, $38.61, $37.35
01/13/2017, $37.99, 1252872, $39.39, $39.98, $37.94
01/12/2017, $40.91, 452080, $40.61, $41.01, $39.54
01/11/2017, $40.62, 218400, $40.64, $41.24, $40.47
01/10/2017, $40.78, 654150, $40.41, $40.82, $40.05
01/09/2017, $40.29, 248288, $40.6, $40.78, $40.06
01/06/2017, $40.71, 312156, $41.21, $41.47, $40.67
01/05/2017, $41.12, 404074, $41.91, $42.17, $40.7
01/04/2017, $42, 299782, $42.22, $42.31, $41.8455
01/03/2017, $41.94, 372117, $41.28, $42.73, $41.2
12/30/2016, $40.74, 264967, $41.19, $41.19, $40.58
12/29/2016, $41.12, 182810, $41.44, $41.61, $40.985
12/28/2016, $41.21, 280519, $42.3, $42.365, $41.16
12/27/2016, $42.13, 221019, $42.08, $42.68, $41.8001
12/23/2016, $42.09, 170012, $42.1, $42.405, $41.87
12/22/2016, $42.08, 292507, $42.44, $42.62, $42.05
12/21/2016, $42.3, 243828, $42.41, $42.48, $42
12/20/2016, $42.49, 309094, $41.53, $42.49, $41.41
12/19/2016, $41.39, 350720, $41.66, $41.66, $41.03
12/16/2016, $41.48, 755450, $41.52, $42.12, $41.35
12/15/2016, $41.59, 450904, $40.83, $41.81, $40.7258
12/14/2016, $40.84, 290753, $41.57, $41.72, $40.8
12/13/2016, $41.56, 904309, $42.78, $42.81, $41.13
12/12/2016, $42.61, 417925, $42.78, $43.065, $42.26
12/09/2016, $42.95, 298344, $43.21, $43.29, $42.7
12/08/2016, $42.97, 410281, $43.53, $43.53, $42.785
12/07/2016, $43.49, 497929, $42.44, $43.68, $41.99
12/06/2016, $42.4, 338014, $41.8, $42.46, $41.44
12/05/2016, $41.6, 354725, $41.5, $41.9, $41.3476
12/02/2016, $41.16, 534679, $40.96, $41.34, $40.56
12/01/2016, $41.13, 447761, $41.21, $41.3, $40.9
11/30/2016, $40.98, 353546, $41.09, $41.29, $40.84
11/29/2016, $40.79, 475734, $41.65, $41.65, $40.785
11/28/2016, $41.57, 345687, $41.82, $41.89, $41.17
11/25/2016, $42, 168901, $42.32, $42.32, $41.81
11/23/2016, $42.09, 407545, $41.34, $42.18, $41.05
11/22/2016, $41.49, 358696, $41.24, $41.5, $40.95
11/21/2016, $41.06, 463962, $41.4, $41.88, $40.87
11/18/2016, $41.34, 620039, $41.16, $41.7714, $40.6
11/17/2016, $41.41, 635645, $41.23, $41.73, $41.07
11/16/2016, $40.98, 599030, $40.88, $41.4, $40.7
11/15/2016, $41.09, 597009, $41.04, $41.3, $39.88
11/14/2016, $40.87, 1111286, $40.41, $41.42, $40.23
11/11/2016, $40.01, 822287, $39.93, $40.22, $38.99
11/10/2016, $40.29, 1309899, $40.33, $41.56, $40.12
11/09/2016, $39.98, 901331, $37.44, $40.44, $37.28
11/08/2016, $37.9, 466926, $38.2, $38.49, $37.43
11/07/2016, $38.4, 688130, $37.87, $38.62, $37.87
11/04/2016, $37.19, 445090, $36.94, $37.7, $36.67
11/03/2016, $36.83, 435870, $36.8, $37.14, $36.61
11/02/2016, $36.71, 786578, $36.66, $37.01, $36.22
11/01/2016, $36.87, 684399, $38.23, $38.25, $36.66
10/31/2016, $38.09, 489174, $38.35, $38.67, $38.04
10/28/2016, $38.34, 571008, $38.33, $38.825, $38.22
10/27/2016, $38.3, 643334, $38, $38.78, $37.9
10/26/2016, $37.85, 1359045, $37.52, $38.94, $36.43
10/25/2016, $36.43, 669604, $37.11, $37.36, $36.315
10/24/2016, $37.1, 549373, $37.1, $37.24, $36.9
10/21/2016, $36.7, 473956, $36.49, $36.92, $36.26
10/20/2016, $36.69, 320192, $36.51, $36.85, $36.41
10/19/2016, $36.74, 325516, $36.58, $37.06, $36.4849
10/18/2016, $36.62, 241462, $36.77, $36.87, $36.45
10/17/2016, $36.21, 257367, $35.94, $36.35, $35.82
10/14/2016, $35.82, 313230, $35.97, $36.48, $35.8
10/13/2016, $35.74, 370689, $35.53, $36.01, $35.395
10/12/2016, $35.86, 219487, $35.79, $35.98, $35.55
10/11/2016, $35.78, 554192, $35.98, $36.1, $35.65
10/10/2016, $36.02, 697959, $36.63, $36.84, $35.32
10/07/2016, $36.21, 1032633, $37.29, $37.3, $35.841
10/06/2016, $38.17, 1742108, $38.1, $38.82, $37.48
10/05/2016, $37.42, 1133568, $38.51, $38.6, $37.05
10/04/2016, $38.71, 1648514, $36.91, $38.78, $36.91
10/03/2016, $36.62, 806533, $36.11, $37.305, $35.93
09/30/2016, $36.3, 406868, $35.85, $36.51, $35.75
09/29/2016, $35.49, 424251, $35.77, $36.11, $35.32
09/28/2016, $35.75, 404905, $34.83, $35.81, $34.78
09/27/2016, $34.69, 265475, $34.34, $34.85, $34.32
09/26/2016, $34.29, 400685, $34.24, $35.19, $34.24
09/23/2016, $34.59, 263305, $34.95, $35.25, $34.59
09/22/2016, $34.96, 294157, $34.97, $35.18, $34.68
09/21/2016, $34.59, 350219, $34.28, $34.88, $34.09
09/20/2016, $34.04, 354000, $34.68, $34.7, $34.04
09/19/2016, $34.36, 561689, $34.98, $35.53, $34.34
09/16/2016, $34.64, 502190, $34.83, $34.92, $34.4
09/15/2016, $34.97, 453276, $34.04, $35.15, $33.96
09/14/2016, $33.99, 300926, $34.24, $34.47, $33.88
09/13/2016, $34.14, 455890, $34.71, $34.94, $34.09
09/12/2016, $34.93, 494851, $34.07, $35.17, $34.07
09/09/2016, $34.23, 1118793, $35.5, $35.62, $33.77
09/08/2016, $35.72, 768342, $36.42, $36.5, $35.69
09/07/2016, $36.42, 620266, $36.89, $37.09, $36.26
09/06/2016, $36.98, 644798, $37.95, $38, $36.98
09/02/2016, $37.81, 712475, $38.35, $38.47, $37.71
09/01/2016, $38, 858595, $37.67, $38.03, $37.02
08/31/2016, $37.3, 1936743, $37.09, $37.36, $36.6
08/30/2016, $37.1, 340647, $37.03, $37.46, $36.92
08/29/2016, $37.15, 283164, $37.15, $37.33, $36.96
08/26/2016, $37.15, 362297, $37.56, $37.79, $36.9
08/25/2016, $37.62, 323281, $37.69, $37.88, $37.32
08/24/2016, $37.76, 1174647, $37.13, $38.26, $37.12
08/23/2016, $37.13, 626940, $36.93, $37.35, $36.78
08/22/2016, $36.75, 511320, $36.89, $36.92, $36.54
08/19/2016, $36.89, 489849, $36.68, $37.15, $36.35
08/18/2016, $36.76, 317783, $36.62, $36.87, $36.38
08/17/2016, $36.67, 447927, $36.82, $37.05, $36.62
08/16/2016, $36.89, 600109, $37.09, $37.13, $36.78
08/15/2016, $37.15, 507981, $35.72, $37.22, $35.6537
08/12/2016, $35.74, 399083, $36.11, $36.17, $35.63
08/11/2016, $36.1, 317182, $36.05, $36.23, $35.85
08/10/2016, $35.84, 417783, $36.03, $36.3, $35.73
08/09/2016, $36.02, 470645, $35.96, $36.6, $35.85
08/08/2016, $35.86, 333663, $36.12, $36.3, $35.46
08/05/2016, $36, 733851, $35.38, $36.09, $35.151
08/04/2016, $35.14, 1234065, $33.97, $35.54, $33.96
08/03/2016, $33.88, 944261, $32.79, $34.06, $32.75
08/02/2016, $33.13, 2613312, $34.5, $34.75, $32.335
08/01/2016, $35.7, 885965, $36.43, $37.31, $35.055
07/29/2016, $37.79, 447515, $37.58, $38.05, $37.45
07/28/2016, $37.56, 206925, $37.52, $37.81, $37.35
07/27/2016, $37.53, 269137, $37.2, $37.85, $37.01
07/26/2016, $37.16, 590301, $37.75, $37.95, $36.48
07/25/2016, $37.69, 144549, $37.8, $37.83, $37.535
07/22/2016, $37.95, 213604, $37.72, $37.98, $37.13
07/21/2016, $37.73, 213477, $37.9, $38.2, $37.51
07/20/2016, $37.87, 210376, $37.16, $37.9, $37.06
07/19/2016, $37.14, 188383, $37.18, $37.38, $37.03
07/18/2016, $37.24, 261878, $37.11, $37.31, $37.045
07/15/2016, $37.21, 337656, $37.16, $37.525, $36.7808
07/14/2016, $36.9, 313306, $36.94, $37.27, $36.83
07/13/2016, $36.77, 313326, $37.57, $37.72, $36.68
07/12/2016, $37.57, 300185, $37.6, $37.91, $37.52
07/11/2016, $37.57, 312810, $36.97, $37.66, $36.97
07/08/2016, $36.83, 668544, $35.75, $37.01, $35.64
07/07/2016, $35.39, 215516, $34.93, $35.605, $34.76
07/06/2016, $34.77, 258664, $34.38, $34.98, $34.02
07/05/2016, $34.47, 184273, $35.16, $35.37, $34.25
07/01/2016, $35.43, 215521, $34.88, $35.54, $34.75
06/30/2016, $34.96, 374381, $34.33, $34.98, $34.07
06/29/2016, $34.25, 268644, $34.26, $34.6, $34.04
06/28/2016, $33.93, 360015, $34.21, $34.42, $33.91
06/27/2016, $33.86, 479372, $34.17, $34.24, $33.14
06/24/2016, $34.62, 1015016, $34.76, $35.34, $34.61
06/23/2016, $36.31, 284249, $36.25, $36.65, $36.17
06/22/2016, $35.7, 483165, $36.53, $36.53, $35.67
06/21/2016, $36.5, 392139, $38.15, $38.15, $36.31
06/20/2016, $38.02, 328832, $37.68, $38.19, $37.59
06/17/2016, $37.04, 727673, $37, $37.31, $36.8
06/16/2016, $36.99, 319609, $37.32, $37.37, $36.89
06/15/2016, $37.59, 208147, $37.95, $38.23, $37.55
06/14/2016, $37.7, 296607, $37.48, $37.87, $37.07
06/13/2016, $37.59, 324521, $37.49, $38.09, $37.26
06/10/2016, $37.81, 300560, $38, $38, $37.49
06/09/2016, $38.52, 254674, $38.62, $38.64, $38.24
06/08/2016, $38.99, 279720, $38.4, $39.11, $38.2511
06/07/2016, $38.46, 304640, $38.5, $38.58, $38.22
06/06/2016, $38.37, 366961, $37.65, $38.46, $37.52
06/03/2016, $37.62, 252524, $37.5, $37.91, $37.12
06/02/2016, $37.58, 390727, $37.66, $37.715, $37.245
06/01/2016, $37.78, 381657, $37.87, $38.14, $37.44
05/31/2016, $37.91, 412339, $37.71, $38.13, $37.25
05/27/2016, $37.7, 333428, $37.57, $37.75, $37.11
05/26/2016, $37.58, 295443, $37.45, $37.79, $37.38
05/25/2016, $37.43, 584233, $37.82, $37.98, $37.24
05/24/2016, $37.79, 485230, $36.86, $37.88, $36.86
05/23/2016, $36.86, 641138, $36.04, $37.27, $35.86
05/20/2016, $36.01, 419049, $35.13, $36.02, $34.98
05/19/2016, $35.04, 297653, $35.18, $35.53, $34.68
05/18/2016, $35.42, 273122, $35.21, $35.86, $35.0326
05/17/2016, $35.39, 767144, $36.54, $37.08, $35.16
05/16/2016, $36.64, 604345, $35.31, $36.7, $35.31
05/13/2016, $35.27, 593644, $35.32, $35.75, $35.105
05/12/2016, $35.48, 464924, $35.19, $35.88, $34.985
05/11/2016, $34.95, 574591, $35.24, $35.43, $34.68
05/10/2016, $35.29, 389467, $35.06, $35.36, $34.63
05/09/2016, $34.82, 337906, $34.68, $35.01, $34.41
05/06/2016, $34.79, 380261, $34.5, $34.91, $34.28
05/05/2016, $34.66, 541677, $34.93, $35.1799, $33.78
05/04/2016, $34.82, 1478914, $37, $37.37, $34.18
05/03/2016, $37.43, 694385, $37.72, $37.92, $37.21
05/02/2016, $37.85, 261587, $38.41, $38.46, $37.7204
04/29/2016, $38.12, 326107, $38.3, $38.53, $37.6202
04/28/2016, $38.37, 217353, $38.4, $38.98, $38.21
04/27/2016, $38.74, 340799, $38.17, $38.93, $38.16
04/26/2016, $38.1, 468754, $38.14, $38.34, $37.86
04/25/2016, $37.86, 361286, $39.05, $39.14, $37.65
04/22/2016, $39.25, 518183, $38.05, $39.59, $38.05
04/21/2016, $38.18, 356595, $38.41, $38.566, $37.9
04/20/2016, $38.28, 291194, $38.6, $38.849, $38.24
04/19/2016, $38.49, 276978, $38.43, $38.67, $38.22
04/18/2016, $38.22, 314753, $37.93, $38.5, $37.71
04/15/2016, $38.22, 262864, $37.96, $38.55, $37.8415
04/14/2016, $38.04, 368577, $38, $38.28, $37.71
04/13/2016, $38.02, 292492, $37.29, $38.08, $37.29
04/12/2016, $37.04, 287546, $36.96, $37.31, $36.494
04/11/2016, $36.86, 232362, $36.78, $37.44, $36.58
04/08/2016, $36.61, 305695, $36.74, $37.77, $36.48
04/07/2016, $36.39, 426345, $36.15, $36.78, $35.84
04/06/2016, $36.41, 282967, $36.45, $36.7, $35.95
04/05/2016, $36.47, 309673, $36.54, $36.9, $36.12
04/04/2016, $36.76, 406525, $37.59, $37.73, $36.69
04/01/2016, $37.64, 462740, $36.87, $37.67, $36.41
03/31/2016, $37.24, 389100, $37.59, $37.805, $37.13
03/30/2016, $37.62, 642257, $36.85, $37.94, $36.85
03/29/2016, $36.68, 1270502, $35.83, $36.99, $35.7515
03/28/2016, $35.93, 1065248, $36.79, $36.87, $35.8
03/24/2016, $36.72, 441047, $36.82, $37.23, $36.47
03/23/2016, $37.12, 527405, $37.78, $37.814, $37.12
03/22/2016, $37.99, 243888, $37.68, $38.25, $37.45
03/21/2016, $37.77, 328140, $38.29, $38.48, $37.72
03/18/2016, $38.51, 1117506, $38.25, $38.62, $37.79
03/17/2016, $38.04, 768947, $36.69, $38.2, $36.46
03/16/2016, $36.68, 567830, $36.29, $36.79, $36.03
03/15/2016, $36.4, 494711, $36.01, $36.62, $35.8508
03/14/2016, $36.38, 745280, $35.87, $37.09, $35.87
03/11/2016, $35.63, 293276, $35.33, $35.82, $35.2
03/10/2016, $35.04, 360076, $35, $35.17, $34.5
03/09/2016, $34.92, 428986, $35.17, $35.67, $34.81
03/08/2016, $35.08, 328866, $35.6, $35.75, $34.98
03/07/2016, $35.96, 809762, $34.74, $35.99, $34.74
03/04/2016, $34.91, 489008, $35.2, $35.36, $34.58
03/03/2016, $35.34, 582885, $34.68, $35.42, $34.361
03/02/2016, $34.61, 610841, $34.85, $35.03, $34.22
03/01/2016, $34.99, 664696, $35.08, $35.48, $34.53
02/29/2016, $34.74, 897531, $34.9, $35.32, $34.34
02/26/2016, $34.83, 726453, $34.22, $34.95, $34.11
02/25/2016, $34.12, 864161, $34.73, $34.98, $33.77
02/24/2016, $34.62, 827670, $34.23, $34.68, $33.72
02/23/2016, $34.64, 909981, $34.11, $34.67, $33.89
02/22/2016, $34.12, 844740, $34.42, $34.88, $33.9
02/19/2016, $34.05, 875993, $33.78, $34.5, $32.74
02/18/2016, $33.98, 1132566, $32.83, $34.07, $32.38
02/17/2016, $32.67, 2258714, $33.17, $35, $31.92
02/16/2016, $32.75, 3328353, $31.29, $32.82, $29.344
02/12/2016, $27.91, 1132860, $28.48, $28.55, $27.63
02/11/2016, $28.28, 544552, $27.42, $28.45, $27.14
02/10/2016, $27.97, 625955, $28.02, $28.59, $27.79
02/09/2016, $27.92, 720120, $28.46, $28.51, $27.8
02/08/2016, $28.93, 748650, $28.4, $29.02, $28.08
02/05/2016, $28.75, 773688, $29.01, $29.13, $28.52
02/04/2016, $29.14, 508363, $28.43, $29.23, $28.31
02/03/2016, $28.41, 370099, $28.47, $28.47, $27.2789
02/02/2016, $28.26, 436165, $28.92, $29.045, $28.16
02/01/2016, $29.4, 762560, $28.25, $29.63, $27.96
01/29/2016, $28.42, 994878, $27.94, $28.42, $27.69
01/28/2016, $27.75, 710227, $28.42, $28.56, $27.635
01/27/2016, $27.99, 534682, $27.81, $28.39, $27.65
01/26/2016, $27.89, 813065, $27.53, $28.06, $27.4801
01/25/2016, $27.26, 1554834, $30, $30.15, $27.105
01/22/2016, $30.57, 1718180, $29.89, $30.69, $29.78
01/21/2016, $29.16, 1053617, $28.74, $29.6887, $28.44
01/20/2016, $28.56, 1072406, $26.8, $28.68, $26.29
01/19/2016, $27.27, 1116396, $27.71, $27.74, $26.78
01/15/2016, $27.35, 1318998, $27.25, $27.8, $26.89
01/14/2016, $28.03, 813764, $28.93, $28.93, $27.99
01/13/2016, $28.74, 977333, $30.26, $30.71, $28.67
01/12/2016, $30.2, 1717597, $29.28, $30.23, $29.24
01/11/2016, $29.04, 1444975, $28.19, $29.28, $28.1
01/08/2016, $28, 1157242, $28.25, $28.5275, $27.85
01/07/2016, $28.03, 861985, $28, $28.3, $27.79
01/06/2016, $28.58, 659689, $28.2, $28.89, $28.13
01/05/2016, $28.64, 626978, $29.03, $29.03, $28.34
01/04/2016, $28.91, 802921, $29.28, $29.51, $28.43
12/31/2015, $29.77, 771175, $30.5, $30.59, $29.76
12/30/2015, $30.56, 374879, $30.54, $30.94, $30.46
12/29/2015, $30.89, 380883, $30.54, $31, $30.54
12/28/2015, $30.39, 415496, $30.8, $30.9, $30.34
12/24/2015, $30.86, 177136, $30.34, $30.93, $30.34
12/23/2015, $30.4, 489547, $29.57, $30.42, $29.57
12/22/2015, $29.49, 361761, $29.02, $29.66, $28.82
12/21/2015, $28.92, 565552, $28.77, $29.25, $28.58
12/18/2015, $28.46, 1300302, $28.92, $29.105, $28.45
12/17/2015, $29.14, 782039, $29.97, $30.13, $29.09
12/16/2015, $29.96, 699636, $29.81, $30.15, $29.61
12/15/2015, $29.82, 1080695, $30.54, $30.6066, $29.77
12/14/2015, $30.38, 849801, $30.86, $30.99, $30.2
12/11/2015, $30.8, 844832, $30.54, $31.12, $30.369
12/10/2015, $30.97, 474657, $30.08, $31, $30.02
12/09/2015, $30.2, 892767, $30.24, $30.56, $29.83
12/08/2015, $30.3, 859858, $31.1, $31.1, $30.27
12/07/2015, $31.46, 927672, $31.24, $31.6, $30.58
12/04/2015, $31.34, 857701, $31.45, $31.63, $31.03
12/03/2015, $31.44, 1099278, $31.95, $31.97, $31.12
12/02/2015, $31.92, 802645, $32.39, $32.58, $31.67
12/01/2015, $32.53, 1103172, $32.19, $32.59, $31.91
11/30/2015, $32.1, 753999, $31.57, $32.28, $31.32
11/27/2015, $31.58, 331097, $31.46, $31.73, $30.99
11/25/2015, $31.65, 613530, $30.94, $31.79, $30.73
11/24/2015, $31.03, 810352, $29.96, $31.25, $29.95
11/23/2015, $30.17, 570072, $30.29, $30.44, $29.9
11/20/2015, $30.3, 521471, $30.39, $30.79, $30.17
11/19/2015, $30.15, 453158, $30.05, $30.4199, $29.71
11/18/2015, $30.07, 409779, $30.34, $30.55, $29.79
11/17/2015, $30.31, 810101, $30.11, $31.06, $29.93
11/16/2015, $30.07, 578286, $29.65, $30.19, $29.41
11/13/2015, $29.7, 947288, $28.72, $29.73, $28.41
11/12/2015, $28.86, 667458, $29.29, $29.46, $28.81
11/11/2015, $29.58, 611340, $30.35, $30.35, $29.57
11/10/2015, $30.36, 419675, $30.18, $30.7, $29.91
11/09/2015, $30.33, 615844, $30.73, $30.895, $29.8
11/06/2015, $30.85, 748865, $31.39, $31.578, $30.39
11/05/2015, $31.57, 654242, $32.25, $32.294, $31.01
11/04/2015, $32.24, 637378, $32.03, $32.52, $31.93
11/03/2015, $31.88, 637803, $32.07, $32.481, $31.8
11/02/2015, $32.39, 871048, $31.65, $32.62, $31.36
10/30/2015, $31.56, 767554, $32.02, $32.23, $31.53
10/29/2015, $32, 2654094, $30.71, $32.66, $30.47
10/28/2015, $30.13, 5316186, $29.5, $33, $29.2
10/27/2015, $26.88, 1563295, $27.73, $27.862, $26.33
10/26/2015, $27.96, 857920, $28.53, $28.55, $27.6
10/23/2015, $28.54, 919639, $28.12, $28.56, $27.81
10/22/2015, $27.83, 699687, $27.07, $28.35, $26.904
10/21/2015, $26.99, 1064843, $27.9, $28.05, $26.84
10/20/2015, $27.73, 709963, $27.59, $28.16, $27.2601
10/19/2015, $27.48, 466527, $27.73, $28.16, $27.41
10/16/2015, $27.93, 647813, $28.02, $28.02, $27.56
10/15/2015, $28, 714150, $28.28, $28.41, $27.68
10/14/2015, $28.19, 682530, $29.01, $29.31, $28.13
10/13/2015, $29.04, 586781, $28.95, $29.56, $28.95
10/12/2015, $29.15, 474157, $29.52, $29.59, $28.97
10/09/2015, $29.51, 623228, $30.01, $30.205, $29.4
10/08/2015, $30.02, 819421, $29.05, $30.16, $28.882
10/07/2015, $29.1, 787276, $28.7, $29.17, $28.36
10/06/2015, $28.81, 652648, $28.99, $29.27, $28.7
10/05/2015, $29.06, 880189, $27.91, $29.29, $27.9
10/02/2015, $27.62, 1641216, $28.34, $28.34, $26.81
10/01/2015, $29.13, 4167505, $30.29, $31.4996, $28.49
09/30/2015, $30.09, 2312659, $27.72, $30.16, $27.68
09/29/2015, $27.24, 608671, $27.3, $27.68, $27.09
09/28/2015, $27.16, 654423, $27.92, $27.92, $27.13
09/25/2015, $27.97, 825087, $28.35, $28.6, $27.893
09/24/2015, $28.21, 564504, $28.39, $28.4, $27.86
09/23/2015, $28.47, 784203, $28.77, $29.1, $28.4
09/22/2015, $28.71, 906904, $28.69, $29.13, $28.45
09/21/2015, $29.02, 946951, $29.96, $30.02, $28.92
09/18/2015, $29.71, 1271908, $30.82, $30.86, $29.58
09/17/2015, $31.04, 386152, $31.44, $31.62, $31
09/16/2015, $31.58, 528635, $31.26, $31.69, $31.21
09/15/2015, $31.24, 601856, $30.88, $31.31, $30.72
09/14/2015, $30.88, 621731, $31.21, $31.21, $30.69
09/11/2015, $31.21, 365192, $30.88, $31.38, $30.712
09/10/2015, $31.04, 622289, $31.29, $31.42, $30.99
09/09/2015, $31.34, 815293, $31.46, $31.65, $31
09/08/2015, $31.28, 944980, $31.34, $31.37, $30.61
09/04/2015, $30.91, 679419, $30.79, $31.29, $30.7
09/03/2015, $31.21, 649709, $30.86, $31.46, $30.76
09/02/2015, $30.83, 720774, $30.8, $30.87, $30.11
09/01/2015, $30.49, 1089827, $30.32, $30.67, $30.11
08/31/2015, $30.92, 2935865, $31.21, $32.26, $30.89
08/28/2015, $30.32, 697948, $30.42, $30.58, $30.13
08/27/2015, $30.56, 1141455, $30.21, $30.59, $29.64
08/26/2015, $29.98, 1268560, $28.48, $30.065, $28.23
08/25/2015, $27.92, 674189, $29.16, $29.16, $27.91
08/24/2015, $28.26, 1095656, $27.9, $29.2901, $27.78
08/21/2015, $29.24, 1044266, $29.38, $29.93, $28.97
08/20/2015, $29.76, 728813, $30.1, $30.11, $29.7
08/19/2015, $30.23, 926114, $30.45, $30.52, $29.9551
08/18/2015, $30.37, 766066, $29.86, $30.47, $29.7
08/17/2015, $29.84, 584071, $29.87, $30.02, $29.62
08/14/2015, $30.06, 1027681, $29.56, $30.1525, $29.43
08/13/2015, $29.58, 1466879, $29.1, $29.62, $28.78
08/12/2015, $29.06, 1979184, $28.19, $29.135, $27.7
08/11/2015, $28.22, 1206437, $28.47, $28.955, $28.14
08/10/2015, $28.75, 1533083, $27.97, $28.845, $27.87
08/07/2015, $27.89, 2182318, $28.81, $29, $27.855
08/06/2015, $29.1, 6281829, $30.6, $30.92, $28.97
08/05/2015, $33.83, 1166590, $34.78, $35, $33.74
08/04/2015, $34.49, 763551, $34.5, $34.85, $34.31
08/03/2015, $34.5, 734004, $35.04, $35.25, $34.42
07/31/2015, $35.07, 915925, $35.56, $35.58, $34.97
07/30/2015, $35.4, 486709, $35.51, $35.56, $35.28
07/29/2015, $35.64, 524372, $34.67, $35.78, $34.59
07/28/2015, $34.7, 1131653, $34.4, $34.8, $34.16
07/27/2015, $34.33, 809386, $34.43, $34.622, $34.02
07/24/2015, $34.72, 862602, $35.6, $35.675, $34.63
07/23/2015, $35.67, 846365, $35.97, $35.97, $35.35
07/22/2015, $35.86, 532843, $35.57, $35.87, $35.44
07/21/2015, $35.69, 717654, $35.79, $35.97, $35.25
07/20/2015, $35.85, 572794, $36, $36.23, $35.54
07/17/2015, $35.84, 627577, $36.07, $36.1, $35.4303
07/16/2015, $36.05, 540243, $35.82, $36.09, $35.55
07/15/2015, $35.62, 524317, $36.16, $36.4, $35.54
07/14/2015, $36.2, 491481, $36.5, $36.652, $35.93
07/13/2015, $36.55, 473888, $36.32, $36.6, $36.16
07/10/2015, $36.05, 712891, $36.3, $36.35, $35.833
07/09/2015, $36.17, 479267, $36.29, $36.42, $36.12
07/08/2015, $36.03, 602266, $36.39, $36.78, $35.79
07/07/2015, $36.67, 606179, $36.68, $36.86, $36.45
07/06/2015, $36.74, 804830, $37.35, $37.63, $36.74
07/02/2015, $37.64, 3031629, $38.26, $38.55, $36.75
07/01/2015, $39.78, 532890, $40, $40.21, $39.59
06/30/2015, $39.75, 454756, $39.99, $40.27, $39.26
06/29/2015, $39.86, 636175, $40.16, $40.39, $39.75
06/26/2015, $40.6, 657967, $40.2, $40.985, $40.01
06/25/2015, $40.08, 567285, $40.37, $40.455, $39.87
06/24/2015, $40.33, 863791, $39.76, $40.49, $39.61
06/23/2015, $39.9, 438763, $39.69, $40.095, $39.565
06/22/2015, $39.81, 442645, $40.04, $40.06, $39.62
06/19/2015, $39.77, 709473, $39.98, $40.24, $39.73
06/18/2015, $39.87, 587682, $40.07, $40.43, $39.78
06/17/2015, $40.02, 398634, $40.35, $40.38, $39.95
06/16/2015, $40.31, 299520, $40.13, $40.65, $40.052
06/15/2015, $40.22, 543127, $40.17, $40.63, $39.92
06/12/2015, $40.52, 597027, $40.39, $40.67, $40.19
06/11/2015, $40.43, 629529, $40.64, $40.71, $40.21
06/10/2015, $40.69, 555277, $40.49, $40.91, $40.11
06/09/2015, $40.39, 494104, $40.46, $40.65, $40.015
06/08/2015, $40.54, 436157, $40.62, $41.16, $40.49
06/05/2015, $40.74, 564700, $41.04, $41.254, $40.44
06/04/2015, $41.18, 685372, $41.45, $41.56, $40.94
06/03/2015, $41.67, 420138, $41.8, $42, $41.3201
06/02/2015, $41.53, 479763, $41.2, $41.7915, $41.18
06/01/2015, $41.25, 718683, $41.98, $42.12, $40.86
05/29/2015, $41.78, 731560, $42.17, $42.25, $41.4
05/28/2015, $42.12, 437357, $42.03, $42.265, $41.44
05/27/2015, $42.22, 353980, $41.92, $42.36, $41.55
05/26/2015, $41.73, 424997, $42.81, $42.9202, $41.62
05/22/2015, $43, 569422, $43.2, $43.47, $42.76
05/21/2015, $43.32, 936348, $43.48, $43.69, $42.94
05/20/2015, $43.63, 969152, $42.34, $43.75, $42.105
05/19/2015, $42.19, 470811, $42.43, $42.505, $42.05
05/18/2015, $42.57, 471094, $42.52, $42.68, $41.97
05/15/2015, $42.68, 607875, $42.84, $43.07, $42.35
05/14/2015, $42.79, 1071847, $42.12, $43.34, $41.99
05/13/2015, $41.73, 393207, $41.64, $41.89, $41.41
05/12/2015, $41.4, 615089, $41.32, $41.595, $41.09
05/11/2015, $41.39, 778504, $41.31, $41.54, $40.8
05/08/2015, $41.16, 870551, $40.6, $41.33, $40.6
05/07/2015, $40.29, 856260, $39.92, $40.35, $39.58
05/06/2015, $39.9, 854674, $39.89, $39.961, $39.2
05/05/2015, $39.76, 1136024, $39.76, $40.23, $39.5
05/04/2015, $39.62, 2015410, $39.78, $40, $39.22
05/01/2015, $40, 3215457, $41.61, $41.86, $39.72
04/30/2015, $41.69, 4139592, $43.5, $43.8, $41.135
04/29/2015, $46.49, 590355, $46.76, $46.87, $46.37
04/28/2015, $47.06, 746847, $46.38, $47.12, $46.32
04/27/2015, $46.31, 891446, $46.18, $46.38, $46.05
04/24/2015, $46.15, 760086, $46.07, $46.68, $46.01
04/23/2015, $46, 1109289, $46.69, $46.99, $45.93
04/22/2015, $46.91, 660436, $48.44, $48.694, $46.85
04/21/2015, $48.47, 277408, $48.7, $48.87, $48.41
04/20/2015, $48.56, 371510, $48.3, $48.97, $48.225
04/17/2015, $48.18, 605397, $48.09, $48.58, $48
04/16/2015, $48.46, 244833, $49.22, $49.57, $48.42
04/15/2015, $49.35, 643139, $48.58, $49.49, $48.47
04/14/2015, $48.48, 475743, $48.71, $48.96, $48.06
04/13/2015, $48.5, 621069, $48.04, $48.53, $47.97
04/10/2015, $48.13, 257461, $48.45, $48.56, $48.01
04/09/2015, $48.19, 450743, $48.7, $48.99, $48
04/08/2015, $48.83, 670387, $48.72, $49.02, $48.27
04/07/2015, $48.56, 725435, $48.62, $49.03, $48.4201
04/06/2015, $48.76, 185747, $48.51, $49.16, $48.4101
04/02/2015, $48.68, 283191, $48.47, $49.25, $48.47
04/01/2015, $48.68, 609287, $48.55, $48.97, $48.33
03/31/2015, $48.69, 748784, $48.74, $48.99, $48.45
03/30/2015, $49.06, 549320, $48.8, $49.7741, $48.8
03/27/2015, $48.71, 490294, $48.72, $48.87, $48.43
03/26/2015, $48.63, 266149, $48.49, $48.89, $48.36
03/25/2015, $48.63, 454991, $49, $49.0948, $48.5732
03/24/2015, $49.04, 401706, $48.98, $49.28, $48.87
03/23/2015, $48.89, 387425, $48.82, $49.31, $48.69
03/20/2015, $48.93, 505279, $48.87, $49.0499, $48.54
03/19/2015, $48.81, 267308, $49.12, $49.15, $48.6
03/18/2015, $49.06, 563808, $48.51, $49.095, $48.11
03/17/2015, $48.59, 516055, $48.2, $48.66, $47.95
03/16/2015, $48.49, 291287, $48.78, $48.93, $48.13
03/13/2015, $48.45, 536200, $49.42, $49.437, $47.89
03/12/2015, $49.63, 834327, $49.15, $49.71, $49.12
03/11/2015, $48.97, 707309, $49.1, $49.13, $48.6401
03/10/2015, $49.1, 539807, $48.73, $49.39, $48.502
03/09/2015, $49.18, 388971, $49.25, $49.39, $48.84
03/06/2015, $49.14, 440816, $49.22, $49.85, $48.97
03/05/2015, $49.7, 520140, $49.59, $49.92, $49.32
03/04/2015, $49.59, 487566, $49.64, $50.22, $49.49
03/03/2015, $50.01, 395476, $50, $50.36, $49.77
03/02/2015, $50.29, 501816, $49.18, $50.38, $48.55
02/27/2015, $49.29, 342002, $49.74, $49.9, $49.195
02/26/2015, $49.9, 284916, $49.83, $49.93, $49.68
02/25/2015, $49.88, 344848, $49.91, $49.95, $49.45
02/24/2015, $49.93, 577249, $50.29, $50.62, $49.88
02/23/2015, $50.41, 523618, $50.28, $50.47, $50
02/20/2015, $50.27, 370827, $49.47, $50.37, $49.16
02/19/2015, $49.48, 442339, $49.17, $49.89, $49.04
02/18/2015, $49.44, 583184, $49.94, $49.98, $49.29
02/17/2015, $50.13, 811118, $50, $50.37, $49.64
02/13/2015, $49.89, 752681, $49.69, $49.97, $49.432
02/12/2015, $49.6, 1385066, $49.33, $49.92, $48.96
02/11/2015, $48.94, 3836145, $50.77, $50.77, $47.02
02/10/2015, $47.61, 1343008, $47, $47.72, $46.22
02/09/2015, $46.78, 666057, $45.66, $46.9, $45.44
02/06/2015, $45.85, 409672, $45.63, $46.39, $45.5
02/05/2015, $45.36, 697018, $45.17, $45.65, $45.17
02/04/2015, $44.95, 620932, $45.29, $45.67, $44.86
02/03/2015, $45.33, 725237, $45.1, $45.835, $45.05
02/02/2015, $44.87, 566702, $43.9, $44.89, $43.81
01/30/2015, $43.74, 916883, $44.08, $44.38, $43.68
01/29/2015, $44.41, 860907, $44.91, $45.07, $44.23
01/28/2015, $44.95, 606645, $45.61, $45.61, $44.8851
01/27/2015, $45.17, 2228869, $46.44, $46.48, $44.47
01/26/2015, $48.01, 3295974, $48.49, $49.49, $47.64
01/23/2015, $45.99, 819704, $46.28, $46.61, $45.88
01/22/2015, $46.35, 567124, $46, $46.58, $45.78
01/21/2015, $45.6, 660645, $45.32, $45.99, $45.3
01/20/2015, $45.57, 1826727, $45.48, $45.804, $44.7
01/16/2015, $45.44, 787528, $44.75, $45.48, $44.75
01/15/2015, $45.03, 1276759, $45.43, $45.7899, $44.92
01/14/2015, $45.21, 1366967, $44.67, $45.21, $44.65
01/13/2015, $45, 929198, $45.11, $45.25, $44.04
01/12/2015, $44.67, 955460, $45.22, $45.22, $44.1
01/09/2015, $45.22, 378769, $45.77, $46.15, $45.17
01/08/2015, $45.77, 474647, $45.51, $45.9, $45.11
01/07/2015, $45.08, 895764, $46, $46.11, $44.89
01/06/2015, $45.8, 1107231, $45.97, $46, $45.4
01/05/2015, $45.98, 1002575, $46.08, $46.63, $45.58
01/02/2015, $46.37, 545179, $47.1, $47.3, $45.8001
12/31/2014, $46.76, 530916, $47.51, $47.73, $46.63
12/30/2014, $47.5, 297541, $48.02, $48.1, $47.285
12/29/2014, $48, 391772, $47.82, $48.25, $47.54
12/26/2014, $47.68, 273760, $47.54, $47.94, $47.27
12/24/2014, $47.26, 237984, $47.63, $47.93, $47.22
12/23/2014, $47.5, 617839, $46.87, $47.65, $46.75
12/22/2014, $46.53, 264600, $45.92, $46.56, $45.835
12/19/2014, $45.97, 1120171, $47, $47.64, $45.95
12/18/2014, $46.91, 1360044, $47.57, $48.09, $46.6
12/17/2014, $46.94, 651273, $45.38, $46.988, $45.11
12/16/2014, $45.43, 810142, $45.27, $45.655, $44.9118
12/15/2014, $45.37, 1120850, $45.37, $45.97, $45.11
12/12/2014, $44.94, 1428513, $45.56, $46.07, $44.86
12/11/2014, $46.05, 1175188, $45.93, $46.7, $45.91
12/10/2014, $45.99, 904123, $46.5, $46.56, $45.75
12/09/2014, $46.67, 1124070, $45.06, $46.7, $45
12/08/2014, $45.6, 1421465, $45.68, $46.0601, $45.4
12/05/2014, $45.94, 1413326, $45.59, $46.02, $45.39
12/04/2014, $45.68, 923332, $45.21, $45.8, $44.9564
12/03/2014, $45.21, 929273, $44.01, $45.2299, $44.01
12/02/2014, $44.21, 1042432, $43.23, $44.34, $43.07
12/01/2014, $43.23, 1144002, $43.29, $43.37, $42.6
11/28/2014, $43.38, 374534, $43.82, $43.88, $43.11
11/26/2014, $43.93, 400738, $43.95, $44.13, $43.67
11/25/2014, $43.71, 502198, $43.92, $44.26, $43.3701
11/24/2014, $43.99, 756526, $43.72, $44.15, $43.44
11/21/2014, $43.71, 721877, $44.55, $44.59, $43.59
11/20/2014, $43.85, 920581, $43.25, $43.91, $42.99
11/19/2014, $43.49, 1119365, $44.05, $44.05, $42.714
11/18/2014, $43.83, 2281718, $42.43, $44.26, $41.93
11/17/2014, $41.88, 1488353, $42.06, $42.56, $41.83
11/14/2014, $41.87, 574161, $41.96, $42.29, $41.56
11/13/2014, $41.94, 709555, $41.87, $42.33, $41.5
11/12/2014, $41.75, 1238453, $42.25, $42.73, $41.5
11/11/2014, $42.43, 1806286, $40.48, $43.24, $40.02
11/10/2014, $40.69, 1120110, $40.87, $41.3, $40.49
11/07/2014, $40.86, 2341730, $41.94, $42.2, $40.49
11/06/2014, $42.09, 6976946, $39.35, $42.22, $38.64
11/05/2014, $43.52, 1708466, $44.15, $44.23, $43.35
11/04/2014, $44.15, 855381, $44.83, $45.09, $43.98
11/03/2014, $44.94, 798985, $45.47, $45.5, $44.79
10/31/2014, $45.34, 1614480, $45.54, $45.59, $44.42
10/30/2014, $44.61, 1013399, $45.14, $45.25, $44.06
10/29/2014, $45.33, 667528, $45.45, $45.54, $44.664
10/28/2014, $45.43, 994687, $44.9, $45.72, $44.48
10/27/2014, $44.61, 656513, $44.52, $44.67, $43.85
10/24/2014, $44.54, 449842, $44.85, $44.99, $44.25
10/23/2014, $44.65, 901657, $44.25, $44.96, $43.75
10/22/2014, $43.88, 1849068, $44.51, $45.44, $43.88
10/21/2014, $43.52, 1057736, $42.66, $43.64, $42.53
10/20/2014, $42.43, 984665, $41.56, $42.43, $41.4624
10/17/2014, $41.62, 1348904, $41.97, $42.26, $41.385
10/16/2014, $41.42, 782672, $39.68, $41.79, $39.42
10/15/2014, $40.42, 1143702, $39.48, $40.49, $39.1
10/14/2014, $39.86, 894373, $39.25, $40.74, $39.06
10/13/2014, $38.93, 1268926, $38.96, $39.64, $38.75
10/10/2014, $38.85, 780166, $39.57, $40.05, $38.84
10/09/2014, $39.85, 687884, $41.3, $41.32, $39.85
10/08/2014, $41.2, 764386, $40.11, $41.27, $39.95
10/07/2014, $40.14, 748717, $40.13, $40.64, $39.69
10/06/2014, $40.62, 652708, $41.19, $41.26, $40.57
10/03/2014, $41.1, 678983, $41.96, $42.18, $41
10/02/2014, $41.49, 1485105, $39.6, $41.92, $39.37
10/01/2014, $39.45, 2582515, $40.49, $40.512, $39.08
09/30/2014, $40.54, 1428446, $42.01, $42.08, $40.53
09/29/2014, $42.1, 592445, $41.76, $42.35, $41.76
09/26/2014, $42.21, 1331513, $41.99, $42.28, $41.57
09/25/2014, $41.98, 1104736, $42.67, $42.84, $41.97
09/24/2014, $42.87, 914722, $42.73, $42.95, $42.17
09/23/2014, $42.63, 1206381, $41.74, $42.86, $41.3501
09/22/2014, $42.02, 1642629, $42.25, $42.37, $41.63
09/19/2014, $42.37, 1096739, $42.7, $42.73, $42.32
09/18/2014, $42.55, 688518, $42.4, $42.63, $41.95
09/17/2014, $42.34, 955794, $42.81, $42.83, $42.12
09/16/2014, $42.72, 656239, $43.05, $43.21, $42.65
09/15/2014, $43.25, 524798, $43.8, $43.8664, $43.21
09/12/2014, $43.94, 884719, $44.58, $44.59, $43.62
09/11/2014, $44.58, 933874, $44.99, $45.03, $44.37
09/10/2014, $45.14, 1136513, $44.56, $45.44, $44.52
09/09/2014, $44.7, 1242264, $46.31, $46.31, $44.64
09/08/2014, $46.46, 1258781, $46.16, $46.71, $46.09
09/05/2014, $46.33, 1233138, $46.58, $46.7, $45.9
09/04/2014, $46.67, 1630006, $46.1, $46.73, $45.88
09/03/2014, $45.92, 1317188, $46.49, $46.51, $45.6
09/02/2014, $46.14, 873704, $46.48, $46.7, $45.96
08/29/2014, $46.52, 871922, $46.87, $46.88, $46.44
08/28/2014, $46.8, 636597, $46.56, $46.87, $46.255
08/27/2014, $46.9, 716563, $47.46, $47.55, $46.56
08/26/2014, $47.5, 766289, $47.19, $48.27, $46.97
08/25/2014, $46.9, 658199, $46.74, $47.85, $46.42
08/22/2014, $46.6, 684635, $46.4, $46.87, $46.25
08/21/2014, $46.58, 828210, $45.95, $46.81, $45.78
08/20/2014, $46.1, 718969, $46.61, $46.73, $45.96
08/19/2014, $46.91, 1649109, $46.28, $47.36, $46.13
08/18/2014, $46.3, 1169430, $45.97, $46.35, $45.8
08/15/2014, $45.72, 1655359, $46.35, $46.35, $45.17
08/14/2014, $46, 1032961, $46.38, $46.58, $45.9
08/13/2014, $46.14, 1309950, $46.04, $46.62, $45.78
08/12/2014, $45.78, 622642, $46.26, $46.635, $45.51
08/11/2014, $46.32, 693046, $46.04, $46.77, $45.92
08/08/2014, $45.92, 565315, $44.86, $45.97, $44.86
08/07/2014, $44.86, 842443, $45, $45.26, $44.69
08/06/2014, $44.84, 1182113, $44.97, $45.46, $44.79
08/05/2014, $45.27, 1696259, $44.49, $46.12, $44.45
08/04/2014, $44.93, 1648871, $43.19, $45.04, $43.13
08/01/2014, $43.11, 2784231, $42.5, $43.29, $41.72
07/31/2014, $43.4, 4398149, $46, $46.15, $42.87
07/30/2014, $45.27, 2239262, $43.64, $46.085, $43.35
07/29/2014, $43.5, 1302345, $43.32, $43.78, $43.205
07/28/2014, $43.23, 925290, $43.6, $43.87, $43.2
07/25/2014, $43.6, 816158, $43.56, $44.15, $43.32
07/24/2014, $43.77, 1004246, $43.72, $44.59, $43.62
07/23/2014, $43.8, 1131905, $43.58, $43.88, $43.18
07/22/2014, $43.75, 524649, $43.64, $44.15, $43.5
07/21/2014, $43.57, 532027, $43.6, $43.81, $43.37
07/18/2014, $43.85, 721832, $43.03, $43.92, $42.8608
07/17/2014, $43.09, 647183, $43.61, $43.7, $43
07/16/2014, $43.78, 1184937, $44.41, $44.41, $43.37
07/15/2014, $44.13, 1072563, $44.8, $44.98, $43.97
07/14/2014, $44.8, 988129, $45.355, $45.46, $44.74
07/11/2014, $45.06, 697245, $44.88, $45.11, $44.63
07/10/2014, $45.06, 1143856, $44.14, $45.23, $44.1
07/09/2014, $45.15, 988771, $45.8, $46.01, $44.7901
07/08/2014, $45.65, 1551284, $46.28, $46.46, $45.45
07/07/2014, $46.46, 841907, $47.85, $47.85, $46.42
07/03/2014, $48.02, 568581, $47.07, $48.02, $47.07
07/02/2014, $46.97, 1036753, $47.1, $47.46, $46.7
07/01/2014, $47.16, 2478912, $46.92, $47.4, $46.27
06/30/2014, $48.74, 1700239, $49.52, $49.62, $48.67
06/27/2014, $49.52, 2440196, $48.87, $49.66, $48.87
06/26/2014, $49.07, 1277023, $49.65, $50.23, $49.05
06/25/2014, $49.66, 1128443, $49.02, $49.71, $48.95
06/24/2014, $49.04, 1266383, $48.72, $49.49, $48.55
06/23/2014, $48.94, 2801324, $47, $48.99, $46.97
06/20/2014, $46.95, 1829785, $46.56, $47.4, $46.56
06/19/2014, $46.27, 721306, $46.28, $46.629, $45.87
06/18/2014, $46.3, 966572, $46.88, $47.05, $46.17
06/17/2014, $46.88, 720140, $46.4, $47.16, $46.32
06/16/2014, $46.73, 1699283, $46.83, $47.06, $46.64
06/13/2014, $46.72, 1250819, $47.13, $47.21, $46.6
06/12/2014, $46.92, 1196237, $47.96, $47.96, $46.82
06/11/2014, $47.85, 1542005, $46.87, $47.86, $46.81
06/10/2014, $47.03, 2812920, $46.4, $47.07, $45.67
06/09/2014, $46.65, 2773682, $47.92, $48.27, $46.36
06/06/2014, $48.21, 1101961, $49, $49.1, $48.18
06/05/2014, $48.67, 1252893, $48.17, $48.75, $47.59
06/04/2014, $48.26, 886732, $48.5, $48.788, $48.1
06/03/2014, $48.71, 1085942, $48.85, $49.34, $48.48
06/02/2014, $48.69, 960148, $48.94, $49.12, $48.31
05/30/2014, $48.68, 1673607, $48.15, $48.95, $47.504
05/29/2014, $48.2, 4937085, $50.64, $50.91, $48.06
05/28/2014, $50.55, 607618, $51.13, $51.35, $50.35
05/27/2014, $51.15, 457198, $50.95, $51.6481, $50.67
05/23/2014, $50.69, 614730, $49.82, $50.79, $49.41
05/22/2014, $49.82, 752124, $50.95, $50.95, $49.82
05/21/2014, $50.95, 497061, $51.23, $51.58, $50.7
05/20/2014, $51.1, 923727, $51.94, $52.21, $50.69
05/19/2014, $52.24, 375898, $51.88, $52.46, $51.53
05/16/2014, $52.05, 864496, $51.86, $52.51, $51.45
05/15/2014, $51.5, 1059508, $51.18, $52.04, $50.34
05/14/2014, $51.32, 935099, $52.72, $52.82, $51.24
05/13/2014, $52.74, 975378, $53.585, $53.79, $52.5
05/12/2014, $53.76, 912341, $52, $53.89, $52
05/09/2014, $51.62, 1184082, $51.25, $51.87, $50.75
05/08/2014, $51.25, 801760, $53.35, $53.652, $51.22
05/07/2014, $53.53, 1269304, $52.75, $53.8686, $52.32
05/06/2014, $52.7, 921647, $53.89, $54.1, $52.58
05/05/2014, $54.29, 702733, $54.52, $54.87, $53.07
05/02/2014, $55, 1377649, $54.56, $55.38, $54.12
05/01/2014, $54.53, 3492644, $55.19, $58.04, $53.82
04/30/2014, $58.88, 960899, $58.24, $59.26, $58.04
04/29/2014, $58.56, 623771, $59.09, $59.09, $58.37
04/28/2014, $58.76, 801568, $58.54, $59.99, $57.518
04/25/2014, $58.05, 576894, $58.61, $58.91, $57.76
04/24/2014, $59.03, 472727, $58.94, $59.429, $57.9
04/23/2014, $58.75, 580512, $58.7, $59.859, $58.3
04/22/2014, $58.75, 617413, $57.85, $58.91, $57.85
04/21/2014, $58.13, 341752, $57.87, $58.34, $57.25
04/17/2014, $57.72, 377543, $57.32, $58.57, $57.17
04/16/2014, $57.33, 351408, $57.66, $58.1899, $56.781
04/15/2014, $56.89, 484580, $56.34, $57.14, $55.62
04/14/2014, $56.32, 629484, $56.68, $57.53, $55.27
04/11/2014, $56, 687799, $56.86, $57.4501, $55.89
04/10/2014, $57.49, 559402, $58.9, $58.9, $57.09
04/09/2014, $58.87, 315393, $58.26, $59.06, $57.96
04/08/2014, $58.01, 594310, $56.41, $58.5, $56.3901
04/07/2014, $56.38, 627298, $57.2, $57.5, $55.65
04/04/2014, $57.58, 694203, $59.84, $59.84, $57.0647
04/03/2014, $59.45, 477873, $60.36, $60.99, $58.96
04/02/2014, $60.36, 673233, $59.3, $60.564, $59.275
04/01/2014, $59.26, 470517, $58.81, $59.28, $58.23
03/31/2014, $58.97, 484539, $58.55, $59.38, $58.42
03/28/2014, $58.11, 346869, $57.3, $58.53, $57.3
03/27/2014, $57.19, 636255, $57.78, $58.07, $56.381
03/26/2014, $57.9, 523048, $59.79, $60.2599, $57.88
03/25/2014, $59.53, 423976, $59.67, $60.25, $58.68
03/24/2014, $59.45, 449366, $60.9, $60.93, $59
03/21/2014, $60.58, 508752, $61.13, $61.4, $60.33
03/20/2014, $60.71, 252355, $60.27, $60.98, $60.01
03/19/2014, $60.57, 511094, $60.65, $61.25, $60.34
03/18/2014, $60.67, 647378, $61.36, $61.61, $60.53
03/17/2014, $61.17, 967933, $61, $62.5, $60.56
03/14/2014, $60.47, 1242627, $56.6, $60.67, $56.6
03/13/2014, $56.75, 525442, $58.59, $59, $56.3
03/12/2014, $58.2, 378184, $57.24, $58.31, $57.1506
03/11/2014, $57.67, 450783, $58.69, $59.25, $57.41
03/10/2014, $58.77, 401037, $59.15, $59.735, $58.24
03/07/2014, $59.24, 456240, $59.36, $59.55, $58.5732
03/06/2014, $59, 501220, $58.67, $59.35, $58.658
03/05/2014, $58.6, 529101, $58.86, $59.17, $58.27
03/04/2014, $58.98, 771294, $58.23, $59.15, $58.19
03/03/2014, $57.49, 465314, $56.28, $57.65, $56.25
02/28/2014, $56.97, 644646, $57.89, $58.48, $56.77
02/27/2014, $57.8, 606890, $57.4, $57.82, $56.89
02/26/2014, $57.63, 841949, $56.22, $58.0788, $55.9
02/25/2014, $56, 632658, $55.4, $56, $55.21
02/24/2014, $55.36, 615040, $55.65, $56.05, $55.36
02/21/2014, $55.48, 675947, $55.3, $55.72, $55.2
02/20/2014, $55.23, 578660, $55.37, $55.79, $54.94
02/19/2014, $55.26, 993370, $56.01, $56.31, $55.12
02/18/2014, $56.29, 1130258, $56.66, $57.5, $56
02/14/2014, $56.6, 1458649, $57.28, $57.65, $55.97
02/13/2014, $56.64, 4376491, $53.4, $57.68, $53
02/12/2014, $49.89, 2095647, $48.41, $50.72, $48.35
02/11/2014, $48, 1268188, $48.63, $48.92, $47.95
02/10/2014, $48.33, 1345291, $50.43, $50.4869, $48.048
02/07/2014, $50.17, 1294063, $49.67, $50.27, $49.43
02/06/2014, $49.51, 1134890, $48.03, $49.53, $47.928
02/05/2014, $47.94, 1035498, $47.16, $48.1, $46.67
02/04/2014, $47.1, 801631, $46.44, $47.46, $46.41
02/03/2014, $46.42, 822176, $48.18, $48.18, $45.85
01/31/2014, $48.13, 1029339, $47.16, $48.7, $47.06
01/30/2014, $46.56, 522865, $46.65, $46.94, $46
01/29/2014, $46.25, 631611, $46.19, $47.15, $45.92
01/28/2014, $46.59, 968404, $45.75, $46.95, $45.54
01/27/2014, $45.72, 1009724, $48.48, $48.48, $45.71
01/24/2014, $47.5, 3241282, $48.6, $48.63, $45.02
01/23/2014, $50.18, 576091, $51.06, $51.12, $50.058
01/22/2014, $51.06, 706795, $51.6, $51.68, $50.82
01/21/2014, $51.58, 995850, $50.02, $51.79, $49.95
01/17/2014, $49.86, 2048503, $50.62, $50.82, $48.84
01/16/2014, $50.89, 2258043, $53.96, $55.24, $50.25
01/15/2014, $55.24, 603322, $55.42, $55.98, $54.9
01/14/2014, $55.15, 416129, $54.49, $55.23, $54.31
01/13/2014, $54.18, 559683, $54.85, $55.08, $53.78
01/10/2014, $54.85, 449893, $54.94, $54.97, $54.24
01/09/2014, $54.79, 515990, $55.02, $55.19, $54.59
01/08/2014, $54.99, 1296404, $55.08, $55.595, $54.57
01/07/2014, $56, 651761, $56.09, $56.4799, $55.52
01/06/2014, $55.76, 608702, $57.29, $57.29, $55.74
01/03/2014, $56.75, 550325, $56.75, $57.27, $55.88
01/02/2014, $56.29, 600431, $56.49, $56.92, $55.03
12/31/2013, $56.64, 347578, $55.95, $56.79, $55.72
12/30/2013, $55.96, 260411, $56.34, $56.5399, $55.76
12/27/2013, $56.24, 360983, $56.52, $56.59, $55.55
12/26/2013, $56.54, 269072, $56.5, $56.646, $55.83
12/24/2013, $56.13, 231548, $56.11, $57.05, $56
12/23/2013, $56.11, 572984, $56.19, $56.66, $55.85
12/20/2013, $56.07, 1180956, $54.58, $56.39, $54.23
12/19/2013, $54.51, 505696, $54.61, $54.76, $54.17
12/18/2013, $54.87, 695582, $53.42, $55, $52.46
12/17/2013, $53.26, 318368, $53.28, $53.58, $52.34
12/16/2013, $53.25, 442734, $52.21, $53.51, $52.21
12/13/2013, $51.98, 370232, $52.54, $52.88, $51.83
12/12/2013, $52.52, 378651, $52, $52.62, $51.69
12/11/2013, $51.88, 438341, $53.16, $53.3499, $51.64
12/10/2013, $53.09, 461343, $53.29, $54, $52.82
12/09/2013, $53.44, 409912, $53.46, $53.5, $52.95
12/06/2013, $53.26, 519486, $53.15, $53.44, $52.58
12/05/2013, $52.54, 576659, $52.8, $53.22, $52.3
12/04/2013, $52.8, 1132386, $52.68, $53.16, $52.205
12/03/2013, $52.93, 764345, $52.75, $53.09, $52.0901
12/02/2013, $52.75, 705027, $53.28, $53.71, $52.46
11/29/2013, $53.26, 460842, $53.37, $53.735, $52.93
11/27/2013, $52.88, 1028322, $52.99, $53.681, $52.29
11/26/2013, $53.02, 1291702, $51.65, $53.61, $51.35
11/25/2013, $51.34, 813816, $50.73, $51.35, $50.15
11/22/2013, $50.44, 370125, $51, $51.09, $49.92
11/21/2013, $50.86, 639886, $49.68, $51, $49.55
11/20/2013, $49.68, 349481, $50.18, $50.18, $49.363
11/19/2013, $49.88, 544701, $50.46, $50.46, $49.528
11/18/2013, $50.28, 1055702, $50.77, $51.08, $50.01
11/15/2013, $50.11, 804433, $49.36, $50.41, $48.77
11/14/2013, $49.41, 360756, $49.01, $49.65, $48.941
11/13/2013, $48.95, 533503, $48.78, $49.2, $48.361
11/12/2013, $49.11, 492362, $49.2, $49.47, $48.66
11/11/2013, $49.26, 677931, $48.71, $49.57, $48.16
11/08/2013, $48.66, 882970, $47.18, $49.43, $47.07
11/07/2013, $47.07, 699672, $47.94, $48.25, $46.98
11/06/2013, $47.79, 563090, $48.42, $48.84, $47.56
11/05/2013, $48.1, 489695, $47.99, $48.34, $47.35
11/04/2013, $48.12, 712576, $47.77, $48.44, $47.74
11/01/2013, $47.63, 1137926, $49.3, $49.34, $47.37
10/31/2013, $49.35, 633878, $49.3, $50, $48.67
10/30/2013, $49.17, 727167, $49.81, $50.13, $49.08
10/29/2013, $49.65, 832185, $49.96, $50.19, $49.04
10/28/2013, $49.49, 1333039, $51.44, $51.5, $49.35
10/25/2013, $50.44, 3027091, $47.63, $52.32, $47.5
10/24/2013, $47.44, 3927259, $45.53, $48.5, $44.64
10/23/2013, $41.85, 959128, $41.46, $41.93, $40.74
10/22/2013, $41.55, 468356, $41.96, $42.07, $41.26
10/21/2013, $41.89, 798534, $41.36, $41.97, $41.3
10/18/2013, $41.18, 998807, $40.91, $41.37, $40.7
10/17/2013, $40.73, 869053, $40.12, $41.16, $40.12
10/16/2013, $40.32, 581686, $40.89, $40.89, $39.99
10/15/2013, $39.95, 670690, $40.46, $40.76, $39.82
10/14/2013, $40.65, 553952, $40.76, $40.83, $40.1
10/11/2013, $40.93, 898366, $40.6, $41.32, $40.48
10/10/2013, $40.43, 956011, $39.67, $40.58, $39.545
10/09/2013, $39.12, 732877, $40.2, $40.28, $39.01
10/08/2013, $40.26, 1382394, $42.01, $42.06, $39.15
10/07/2013, $41.74, 445876, $41.57, $42.3, $41.57
10/04/2013, $42.05, 502286, $42.18, $42.73, $41.95
10/03/2013, $42.13, 550966, $42.43, $42.49, $41.61
10/02/2013, $42.38, 341749, $42.86, $43.05, $42.29
10/01/2013, $42.96, 580063, $42.68, $43.43, $42.65
09/30/2013, $42.64, 747985, $42.7, $42.72, $41.97
09/27/2013, $43.02, 541830, $43.34, $44.14, $42.92
09/26/2013, $43.64, 471248, $43.49, $43.79, $43.27
09/25/2013, $43.48, 735985, $43.67, $44.24, $43.29
09/24/2013, $43.47, 631572, $43.06, $43.74, $42.65
09/23/2013, $42.88, 1009683, $43.6, $43.7, $42.65
09/20/2013, $43.6, 1215348, $42.37, $43.6, $42.345
09/19/2013, $42.18, 315373, $42.16, $42.519, $41.65
09/18/2013, $42.07, 419340, $41.81, $42.19, $41.5
09/17/2013, $41.87, 463863, $41.61, $41.91, $41.44
09/16/2013, $41.57, 408540, $42.2, $42.28, $41.5
09/13/2013, $41.65, 454804, $41.54, $41.78, $41.38
09/12/2013, $41.4, 734784, $40.84, $41.64, $40.77
09/11/2013, $40.77, 741192, $40.63, $40.8, $40.25
09/10/2013, $40.63, 660571, $40.31, $40.67, $40.28
09/09/2013, $39.99, 760383, $39.88, $40.04, $39.11
09/06/2013, $39.69, 661378, $40.5, $40.61, $39.62
09/05/2013, $40.29, 383337, $39.86, $40.39, $39.86
09/04/2013, $39.95, 549775, $39.79, $40.11, $39.56
09/03/2013, $39.7, 553760, $39.99, $40.2, $39.37
08/30/2013, $39.59, 790626, $40.88, $40.91, $39.54
08/29/2013, $40.88, 1438200, $40.42, $41.54, $40.15
08/28/2013, $40.36, 690240, $41.2, $41.2, $40.23
08/27/2013, $41.1, 578986, $41.99, $42.16, $41.1
08/26/2013, $42.26, 390458, $42.21, $42.719, $42.16
08/23/2013, $42.22, 542536, $42.34, $42.35, $41.5
08/22/2013, $42.3, 978007, $41.93, $42.3, $41.71
08/21/2013, $41.71, 685362, $42.27, $42.45, $41.71
08/20/2013, $42.28, 719948, $42.59, $42.7, $42.23
08/19/2013, $42.3, 489398, $42.69, $42.8395, $42.3
08/16/2013, $42.78, 617538, $42.06, $42.97, $42.01
08/15/2013, $42.3, 573992, $42.36, $42.63, $42
08/14/2013, $42.91, 704988, $42.63, $43.17, $42.63
08/13/2013, $42.69, 342153, $42.49, $42.74, $42.49
08/12/2013, $42.65, 677568, $42.2, $42.76, $42.17
08/09/2013, $42.34, 1110956, $41.33, $42.56, $39.29
08/08/2013, $42.23, 1029066, $41.6, $42.44, $41.6
08/07/2013, $41.76, 734963, $42.12, $42.15, $41.64
08/06/2013, $42.21, 927602, $42.28, $42.41, $41.92
08/05/2013, $42.47, 1173847, $42.3, $42.57, $42.23
08/02/2013, $42.24, 3310000, $42.5, $42.5, $41.38
08/01/2013, $43.45, 1318932, $43.62, $43.69, $43.03
07/31/2013, $43.35, 1177615, $43.57, $43.61, $42.845
07/30/2013, $43.2, 2692538, $43.9, $44.3, $42.41
07/29/2013, $41.03, 777995, $41.18, $41.6515, $40.88
07/26/2013, $41.15, 656363, $41.29, $41.39, $40.4
07/25/2013, $41.64, 580523, $41, $41.65, $40.49
07/24/2013, $40.96, 558743, $41.24, $41.24, $40.73
07/23/2013, $41.12, 537230, $41.32, $41.51, $40.89
07/22/2013, $41.22, 389014, $41.2, $41.5, $41.0696
07/19/2013, $41.01, 840919, $41.08, $41.16, $40.6
07/18/2013, $41.12, 603484, $41.52, $41.75, $41.05
07/17/2013, $41.54, 824425, $41.81, $42, $41.28
07/16/2013, $41.49, 1185406, $41.25, $41.58, $40.68
07/15/2013, $41.25, 663604, $40.83, $41.56, $40.83
07/12/2013, $40.68, 872428, $40.51, $40.9173, $40.3613
07/11/2013, $40.47, 1311847, $39.57, $40.55, $39.14
07/10/2013, $39.01, 742467, $39.28, $39.28, $38.4349
07/09/2013, $39.21, 883198, $39.73, $39.88, $39.0836
07/08/2013, $39.59, 528647, $39.9, $40, $39.24
07/05/2013, $39.72, 709207, $39.5, $39.72, $39.001
07/03/2013, $38.93, 380263, $39.02, $39.48, $38.711
07/02/2013, $39.16, 1266729, $39, $39.51, $38.735
07/01/2013, $38.98, 1425423, $37.33, $39.11, $37.11
06/28/2013, $37.01, 3598160, $37.05, $37.43, $36.91
06/27/2013, $37.1, 1406861, $36.37, $37.4, $36.345
06/26/2013, $35.95, 886998, $36.14, $36.48, $35.89
06/25/2013, $36, 1436644, $35.4, $36, $35.4
06/24/2013, $35.07, 1475107, $34.65, $35.27, $34.4968
06/21/2013, $34.85, 1961241, $34.23, $34.85, $34.01
06/20/2013, $33.86, 770323, $34.07, $34.5385, $33.54
06/19/2013, $34.47, 786335, $35.35, $35.35, $34.35
06/18/2013, $35.28, 1517859, $35.02, $35.4, $34.97
06/17/2013, $35, 1719311, $34.93, $35.11, $34.75
06/14/2013, $34.84, 2168158, $34.52, $34.9, $34.52
06/13/2013, $35.64, 764024, $35.47, $35.75, $35.22
06/12/2013, $35.56, 720253, $36.18, $36.3199, $35.42
06/11/2013, $36.05, 881890, $36.18, $36.334, $35.68
06/10/2013, $36.45, 1541302, $36.33, $36.9, $36.12
06/07/2013, $40.93, 1113583, $40.87, $41.48, $40.5801
06/06/2013, $40.58, 901598, $39.9, $40.61, $39.8
06/05/2013, $40, 1113314, $39.41, $40.09, $39.14
06/04/2013, $39.52, 1146993, $40.19, $40.99, $38.75
06/03/2013, $40.09, 1592867, $41.08, $41.27, $39.7301
05/31/2013, $40.5, 2058524, $40, $41.03, $39.75
05/30/2013, $39.79, 1538982, $38.8, $39.85, $38.68
05/29/2013, $38.75, 729551, $38.29, $38.79, $37.93
05/28/2013, $38.45, 674636, $37.89, $38.46, $37.8
05/24/2013, $37.69, 582751, $37.48, $37.9, $37.34
05/23/2013, $37.48, 604872, $36.96, $37.61, $36.82
05/22/2013, $37.36, 1010485, $37.43, $37.9101, $37.03
05/21/2013, $37.72, 982501, $37.42, $37.92, $37.4
05/20/2013, $37.4, 661904, $37.38, $37.43, $37.09
05/17/2013, $37.35, 1123466, $37.09, $37.37, $36.86
05/16/2013, $37.01, 923213, $37.01, $37.15, $36.82
05/15/2013, $37, 1114255, $36.05, $37.02, $35.96
05/14/2013, $36.2, 662197, $36.14, $36.42, $35.77
05/13/2013, $36.16, 709773, $36.03, $36.55, $35.71
05/10/2013, $36.08, 510844, $36.06, $36.42, $35.92
05/09/2013, $35.99, 903865, $36.71, $36.85, $35.78
05/08/2013, $36.81, 1444616, $36.57, $36.89, $36.48
05/07/2013, $36.54, 5107852, $36.96, $37.15, $36.39
05/06/2013, $38.17, 1390728, $38.79, $39.356, $38.04
05/03/2013, $38.62, 1067838, $38.8, $39.25, $38.62
05/02/2013, $38.2, 3321978, $37.94, $39.38, $37.82
05/01/2013, $34.76, 765247, $35.9, $35.93, $34.56
04/30/2013, $35.93, 226235, $35.79, $35.96, $35.4
04/29/2013, $35.7, 831714, $35.12, $35.99, $35.12
04/26/2013, $35.11, 275402, $35.19, $35.39, $34.85
04/25/2013, $35.17, 354386, $35.2, $35.53, $34.92
04/24/2013, $35.04, 429008, $34.61, $35.13, $34.51
04/23/2013, $34.56, 290464, $34, $34.59, $33.92
04/22/2013, $33.74, 377062, $33.38, $33.92, $32.41
04/19/2013, $33.46, 235861, $33.57, $33.68, $33.05
04/18/2013, $33.52, 345516, $34.2, $34.2, $33.41
04/17/2013, $34.11, 497170, $34.47, $34.61, $34
04/16/2013, $34.66, 577406, $34.52, $35.03, $34.47
04/15/2013, $34.51, 730064, $35, $35.29, $34.33
04/12/2013, $35.35, 296369, $35.18, $35.4, $35.04
04/11/2013, $35.4, 903708, $35.38, $35.59, $35.31
04/10/2013, $35.49, 550155, $35.54, $35.81, $35.12
04/09/2013, $35.44, 392028, $35.24, $35.66, $35.07
04/08/2013, $35.15, 296595, $34.4, $35.17, $34.32
04/05/2013, $34.38, 307157, $33.74, $34.44, $33.36
04/04/2013, $34.31, 295508, $34.44, $34.4899, $33.92
04/03/2013, $34.32, 736074, $35.33, $35.34, $34.2
04/02/2013, $35.46, 1116064, $35.35, $35.87, $35.25
04/01/2013, $35.32, 430541, $35.39, $35.39, $34.85
03/28/2013, $35.34, 523261, $35.3, $35.49, $35.18
03/27/2013, $35.2, 676779, $34.89, $35.37, $34.79
03/26/2013, $35.05, 462230, $34.94, $35.18, $34.68
03/25/2013, $34.95, 466228, $34.8, $35.34, $34.61
03/22/2013, $34.68, 713732, $34.11, $34.79, $33.7072
03/21/2013, $34.08, 522465, $34.22, $34.56, $33.43
03/20/2013, $34.35, 432407, $34.68, $34.92, $34.18
03/19/2013, $34.6, 231633, $35.01, $35.0599, $34.23
03/18/2013, $35, 558608, $35.08, $35.22, $34.62
03/15/2013, $35.07, 747213, $35.16, $35.16, $34.75
03/14/2013, $35.15, 559958, $34.44, $35.22, $34.4
03/13/2013, $34.44, 310236, $34.3, $34.52, $34.15
03/12/2013, $34.36, 512822, $34.13, $34.68, $34.01
03/11/2013, $34.15, 481403, $34.43, $34.519, $33.86
03/08/2013, $34.55, 659596, $34.15, $34.59, $33.47
03/07/2013, $34.14, 579616, $34.85, $34.85, $33.77
03/06/2013, $34.85, 941641, $35.02, $35.1663, $34.53
03/05/2013, $34.99, 1087270, $34.69, $35.24, $34.32
03/04/2013, $34.69, 794600, $34.62, $34.99, $34.13
03/01/2013, $34.64, 893894, $34.24, $34.765, $33.77
02/28/2013, $34.45, 848094, $34.1, $34.95, $33.908
02/27/2013, $33.94, 682670, $33.77, $34.46, $33.63
02/26/2013, $33.75, 964072, $34.2, $34.366, $32.72
02/25/2013, $34.09, 1082477, $34.64, $34.95, $34.05
02/22/2013, $34.43, 897849, $34.25, $34.54, $34.1171
02/21/2013, $34.11, 4498686, $34.66, $34.7, $33.35
02/20/2013, $35.94, 1029360, $36.89, $37.11, $35.8001
02/19/2013, $37.04, 1189693, $37.11, $37.56, $36.42
02/15/2013, $37.05, 2172635, $35.65, $37.4, $34.76
02/14/2013, $35.66, 4102139, $38.99, $38.99, $35.45
02/13/2013, $39.28, 595685, $39.1, $39.61, $38.926
02/12/2013, $39.1, 617553, $39.03, $39.74, $38.79
02/11/2013, $39.1, 1527463, $40.41, $40.41, $38.14
02/08/2013, $40.54, 1669480, $40.83, $41.4, $39.61
02/07/2013, $39.74, 1124535, $39.66, $39.86, $38.97
02/06/2013, $39.16, 809489, $38.5, $39.41, $38.0948
02/05/2013, $38.6, 787457, $37.43, $38.77, $37.4
02/04/2013, $37.22, 291548, $37.67, $37.75, $36.78
02/01/2013, $37.75, 371381, $37.22, $38.08, $37.02
01/31/2013, $37.18, 428947, $36.29, $37.26, $35.51
01/30/2013, $36.41, 276159, $36.86, $36.999, $36.21
01/29/2013, $36.99, 240064, $36.61, $37.05, $36.18
01/28/2013, $36.54, 422765, $36.92, $36.92, $35.8332
01/25/2013, $36.76, 365691, $36.89, $37, $36.48
01/24/2013, $36.86, 361188, $37.14, $37.15, $36.44
01/23/2013, $37.08, 321592, $36.6, $37.22, $36.22
01/22/2013, $36.64, 266178, $36.33, $36.838, $36.2
01/18/2013, $36.39, 198124, $36.44, $36.55, $35.87
01/17/2013, $36.48, 311387, $36.36, $36.68, $35.99
01/16/2013, $36.13, 293750, $36.01, $36.18, $35.58
01/15/2013, $36.17, 734253, $35.14, $36.5, $35.05
01/14/2013, $35.24, 356350, $35.28, $35.46, $35.01
01/11/2013, $35.28, 450905, $34.67, $35.44, $34.51
01/10/2013, $34.58, 363426, $35, $35.3, $34.12
01/09/2013, $34.74, 332641, $34.86, $34.9, $34.44
01/08/2013, $34.64, 224987, $34.42, $34.7, $34.07
01/07/2013, $34.67, 319340, $34.53, $34.86, $33.93
01/04/2013, $34.71, 156636, $34.93, $35.01, $34.59
01/03/2013, $34.63, 394278, $35.21, $35.43, $34.415
01/02/2013, $35.2, 614246, $34.92, $35.64, $34.74
12/31/2012, $34.31, 274989, $33.09, $34.32, $33
12/28/2012, $33.17, 222551, $33.32, $33.62, $33.17
12/27/2012, $33.52, 142883, $33.53, $34.1299, $33.1
12/26/2012, $33.43, 233195, $33.45, $34.389, $33.07
12/24/2012, $33.49, 108418, $33.49, $33.65, $33.17
12/21/2012, $33.57, 476106, $33.81, $34.04, $33.26
12/20/2012, $34.18, 499972, $34.36, $34.5, $33.76
12/19/2012, $34.34, 820842, $33.53, $34.38, $33.5006
12/18/2012, $33.57, 825919, $32.94, $33.79, $32.54
12/17/2012, $32.59, 535722, $32.75, $32.88, $32.14
12/14/2012, $32.73, 676914, $32.49, $33.32, $32.49
12/13/2012, $32.59, 770538, $32.27, $32.67, $32.252
12/12/2012, $32.33, 320863, $32.71, $32.92, $32.26
12/11/2012, $32.67, 561088, $32.89, $33, $32.52
12/10/2012, $32.55, 446304, $32.93, $33.15, $32.5
12/07/2012, $32.97, 660176, $32.55, $33.75, $32.4
12/06/2012, $32.35, 510873, $32.33, $32.68, $32.21
12/05/2012, $32.33, 611962, $32.93, $33.045, $32.16
12/04/2012, $32.92, 430397, $32.84, $33.11, $32.73
12/03/2012, $32.71, 521453, $32.87, $33.23, $32.51
11/30/2012, $32.63, 904948, $32.64, $32.88, $32.45
11/29/2012, $32.54, 4070151, $32.51, $33.41, $32.42
11/28/2012, $34.46, 1151091, $33.75, $34.75, $33.43
11/27/2012, $33.95, 4203558, $33.7, $34.4, $33.12
11/26/2012, $32.01, 3752178, $33.3, $34.35, $31.86
11/23/2012, $35.29, 178611, $35.39, $35.6, $35.12
11/21/2012, $35.29, 428712, $35.77, $36.3899, $34.82
11/20/2012, $35.81, 413999, $35.07, $35.9, $34.8
11/19/2012, $35.23, 412033, $34.62, $35.48, $34.12
11/16/2012, $34.35, 448795, $34.55, $34.78, $33.84
11/15/2012, $34.41, 621033, $34.02, $35.03, $33.68
11/14/2012, $34.01, 821533, $35.3, $35.3, $33.96
11/13/2012, $35.33, 482282, $35.3, $35.79, $35.02
11/12/2012, $35.7, 684206, $34.95, $35.92, $34.7
11/09/2012, $34.87, 1299989, $34.46, $35.8, $34.12
11/08/2012, $34.65, 2278575, $37.2, $37.2, $34.6
11/07/2012, $37.14, 1931905, $37.23, $38.87, $37
11/06/2012, $37.51, 2738275, $38.72, $38.72, $36.37
11/05/2012, $38.6, 5254208, $35.2, $39.18, $34.9125
11/02/2012, $34.35, 1293659, $34.35, $34.85, $34
11/01/2012, $34.14, 1579332, $34.06, $34.24, $33.2
10/31/2012, $34, 5179509, $32.95, $34.63, $32.5
10/26/2012, $28.33, 718053, $27.69, $28.67, $27.69
10/25/2012, $27.53, 666674, $26.86, $27.92, $26.86
10/24/2012, $26.67, 232591, $26.25, $26.71, $26.101
10/23/2012, $26.05, 178478, $25.49, $26.1, $25.28
10/22/2012, $25.63, 259121, $25.78, $25.88, $25.33
10/19/2012, $26.05, 283511, $25.85, $26.26, $25.7
10/18/2012, $25.97, 164248, $26.24, $26.36, $25.82
10/17/2012, $26.32, 168595, $26.3, $26.44, $26.07
10/16/2012, $26.3, 196591, $26.16, $26.41, $26
10/15/2012, $25.99, 210615, $25.99, $26.075, $25.55
10/12/2012, $25.83, 251339, $25.22, $25.93, $25.22
10/11/2012, $25.19, 175392, $25.36, $25.47, $25.02
10/10/2012, $25.26, 328850, $25.5, $25.5, $24.95
10/09/2012, $25.54, 258700, $25.36, $25.78, $25.36
10/08/2012, $25.42, 313447, $25.81, $25.99, $25.25
10/05/2012, $25.77, 428337, $26.04, $26.16, $25.48
10/04/2012, $26.01, 329742, $26, $26.2, $25.75
10/03/2012, $25.92, 641234, $25.96, $26.42, $25.81
10/02/2012, $25.93, 680638, $25.32, $26, $25.1239
10/01/2012, $25.03, 1678763, $26.66, $26.85, $24.43
09/28/2012, $22.89, 151727, $22.95, $23.06, $22.73
09/27/2012, $23.07, 129644, $23.01, $23.23, $22.75
09/26/2012, $22.93, 151147, $23.16, $23.25, $22.85
09/25/2012, $23.11, 192229, $23.73, $23.74, $23.03
09/24/2012, $23.66, 423501, $24.2, $24.34, $23.19
09/21/2012, $23.75, 246635, $23.65, $23.76, $23.47
09/20/2012, $23.58, 436052, $23.38, $23.9, $23.22
09/19/2012, $23.35, 384486, $23.28, $23.635, $23.03
09/18/2012, $22.89, 136878, $22.99, $22.99, $22.77
09/17/2012, $22.99, 156359, $23.1, $23.23, $22.71
09/14/2012, $23.06, 287166, $22.9, $23.07, $22.86
09/13/2012, $22.75, 209934, $22.47, $22.9499, $22.2
09/12/2012, $22.5, 175941, $22.18, $22.5, $22.01
09/11/2012, $22.03, 102882, $21.57, $22.05, $21.57
09/10/2012, $21.53, 224777, $21.24, $21.61, $21.24
09/07/2012, $21.61, 268241, $21.79, $21.79, $21.3402
09/06/2012, $21.64, 197027, $20.88, $21.64, $20.88
09/05/2012, $20.76, 494518, $21.12, $21.12, $20.25
09/04/2012, $21.12, 229219, $21.48, $21.51, $20.89
08/31/2012, $21.55, 129431, $21.34, $21.64, $21.16
08/30/2012, $21.22, 199818, $21.4, $21.49, $21.18
08/29/2012, $21.46, 227289, $21.84, $21.84, $21.23
08/28/2012, $21.79, 227025, $21.96, $22.15, $21.56
08/27/2012, $22.01, 212555, $22.29, $22.34, $21.9
08/24/2012, $22.25, 356841, $22.5, $22.53, $21.98
08/23/2012, $22.48, 375177, $22.11, $22.6799, $22.06
08/22/2012, $22.07, 217915, $21.99, $22.17, $21.8
08/21/2012, $21.99, 205363, $21.79, $22.17, $21.58
08/20/2012, $21.78, 534923, $22, $22.12, $21.26
08/17/2012, $22.4, 208246, $21.81, $22.4, $21.8
08/16/2012, $21.89, 245901, $21.54, $21.9, $21.18
08/15/2012, $21.6, 151203, $21.55, $21.75, $21.32
08/14/2012, $21.63, 151457, $21.83, $21.83, $21.51
08/13/2012, $21.73, 224403, $22.11, $22.23, $21.45
08/10/2012, $22.2, 171186, $21.91, $22.21, $21.55
08/09/2012, $21.9, 310489, $22.02, $22.28, $21.58
08/08/2012, $22.09, 226497, $22.09, $22.73, $22
08/07/2012, $22.2, 304961, $22.49, $22.73, $22.16
08/06/2012, $22.4, 327881, $22.32, $22.81, $22.24
08/03/2012, $22.2, 621657, $23.76, $23.978, $21.87
08/02/2012, $23.32, 1227849, $23.98, $25.33, $23.3
08/01/2012, $22.27, 480517, $22.99, $23.32, $22.02
07/31/2012, $22.82, 231163, $22.81, $23.33, $22.77
07/30/2012, $22.78, 223950, $22.95, $23.09, $22.6
07/27/2012, $22.79, 244090, $22.56, $23.25, $22.53
07/26/2012, $22.39, 197940, $22.34, $22.55, $22.1
07/25/2012, $22.01, 252032, $21.99, $22.3995, $21.84
07/24/2012, $21.7, 306898, $22.5, $22.5, $21.46
07/23/2012, $22.48, 260752, $22.15, $22.72, $22.02
07/20/2012, $22.6, 152977, $22.17, $22.72, $22.17
07/19/2012, $22.41, 234279, $22.92, $23, $22.33
07/18/2012, $22.88, 174678, $22.13, $22.93, $22.13
07/17/2012, $22.21, 169519, $22.57, $22.57, $22.15
07/16/2012, $22.35, 228780, $22.21, $22.58, $22.14
07/13/2012, $22.4, 378937, $22.13, $22.58, $22.02
07/12/2012, $22.03, 235922, $22, $22.12, $21.7701
07/11/2012, $22.11, 382369, $21.9, $22.19, $21.77
07/10/2012, $21.91, 842119, $23.18, $23.2, $21.76
07/09/2012, $22.93, 664973, $22.8, $23.35, $22.68
07/06/2012, $22.57, 358444, $22.18, $23.0599, $22.03
07/05/2012, $22.38, 515655, $21.08, $22.42, $21.08
07/03/2012, $21, 303508, $21, $21.46, $20.6
07/02/2012, $20.77, 1123977, $18.5, $20.81, $18.35
06/29/2012, $24.06, 356198, $24.3, $24.3, $24
06/28/2012, $23.76, 234240, $23.73, $24.07, $23.5501
06/27/2012, $23.95, 340603, $24.02, $24.118, $23.831
06/26/2012, $23.93, 274536, $24.16, $24.3, $23.641
06/25/2012, $24.14, 221061, $24.31, $24.35, $24.01
06/22/2012, $24.62, 532226, $25.15, $25.15, $24.45
06/21/2012, $25.01, 446957, $26.84, $26.84, $24.91
06/20/2012, $26.59, 499090, $26.28, $27.24, $25.81
06/19/2012, $26.39, 260610, $26.12, $26.5, $25.95
06/18/2012, $26.07, 257664, $26.26, $26.26, $25.95
06/15/2012, $26.46, 246106, $26.03, $26.65, $25.885
06/14/2012, $26.04, 163952, $25.81, $26.23, $25.6
06/13/2012, $25.82, 215156, $26.18, $26.25, $25.7
06/12/2012, $26.28, 210623, $25.3, $26.43, $25.26
06/11/2012, $25.12, 253832, $26.03, $26.0799, $25.1
06/08/2012, $25.66, 223691, $25.5, $26.15, $25.16
06/07/2012, $25.55, 325720, $25.54, $26.09, $25.3
06/06/2012, $25.22, 253384, $24.45, $25.5, $24.45
06/05/2012, $24.31, 238204, $23.9, $24.474, $23.87
06/04/2012, $23.95, 494086, $24.31, $24.43, $23.71
06/01/2012, $24.09, 345589, $24.19, $24.45, $23.7
05/31/2012, $24.75, 362010, $25.41, $25.78, $24.53
05/30/2012, $24.96, 156156, $25.24, $25.34, $24.7
05/29/2012, $25.39, 119183, $25.76, $25.97, $25.29
05/25/2012, $25.26, 88191, $25.32, $25.37, $25.02
05/24/2012, $25.24, 194819, $25.35, $25.7, $24.75
05/23/2012, $25.17, 268224, $25.82, $25.94, $25.11
05/22/2012, $26.1, 428965, $27.8, $28, $25.64
05/21/2012, $27.64, 589786, $26.19, $28.1, $26.19
05/18/2012, $26, 158141, $25.75, $26.05, $25.37
05/17/2012, $25.8, 195917, $26.36, $26.72, $25.8
05/16/2012, $26.4, 120563, $26.46, $26.6264, $26.06
05/15/2012, $26.34, 110483, $26.29, $26.78, $26.2502
05/14/2012, $26.4, 174777, $26.54, $27, $26.18
05/11/2012, $26.87, 212208, $26.46, $27.06, $26.46
05/10/2012, $27, 390060, $27.13, $27.23, $26.59
05/09/2012, $26.97, 1019947, $27.6, $27.95, $26.61
05/08/2012, $28.89, 2525918, $27.08, $30.61, $27.08
05/07/2012, $23.04, 138780, $22.95, $23.32, $22.56
05/04/2012, $23.13, 128908, $23.36, $23.51, $23.04
05/03/2012, $23.51, 137495, $24.43, $24.45, $23.221
05/02/2012, $24.52, 121345, $24.38, $24.52, $23.99
05/01/2012, $24.56, 196311, $24.16, $24.9, $23.91
04/30/2012, $24.08, 125131, $24.22, $24.24, $23.95
04/27/2012, $24.25, 147116, $24, $24.32, $23.96
04/26/2012, $24.02, 122280, $23.86, $24.15, $23.71
04/25/2012, $23.95, 144347, $24.09, $24.5, $23.65
04/24/2012, $23.89, 135919, $23.61, $23.99, $23.425
04/23/2012, $23.61, 162721, $23.5, $23.72, $23.01
04/20/2012, $23.73, 186293, $23.56, $23.9, $23.32
04/19/2012, $23.34, 121492, $23.72, $23.88, $23.27
04/18/2012, $23.72, 130138, $23.93, $24, $23.69
04/17/2012, $24.13, 170583, $24.43, $24.56, $24.09
04/16/2012, $24.17, 260641, $23.77, $24.37, $23.76
04/13/2012, $23.58, 139236, $23.51, $23.86, $23.36
04/12/2012, $23.59, 163739, $23.2, $23.62, $23.19
04/11/2012, $23.13, 393522, $22.77, $23.13, $22.57
04/10/2012, $22.5, 208581, $23.24, $23.28, $22.4
04/09/2012, $23.24, 215131, $23.23, $23.35, $22.861
04/05/2012, $23.66, 187821, $23.4, $23.71, $23.3
04/04/2012, $23.45, 238313, $23.73, $23.78, $23.36
04/03/2012, $24.05, 169690, $24.36, $24.5608, $23.87
04/02/2012, $24.44, 216588, $24.39, $24.68, $24.37
03/30/2012, $24.55, 146487, $24.68, $24.7071, $24.49
03/29/2012, $24.51, 178328, $24.72, $24.84, $24.27
03/28/2012, $24.93, 250004, $24.79, $24.93, $24.3
03/27/2012, $24.87, 155421, $25, $25.13, $24.74
03/26/2012, $24.99, 167417, $24.69, $25.1, $24.69
03/23/2012, $24.53, 182083, $24.74, $24.74, $24.29
03/22/2012, $24.66, 231867, $25, $25, $24.6129
03/21/2012, $25.15, 218362, $25.2, $25.36, $25.15
03/20/2012, $25.11, 331287, $25.33, $25.4289, $25.0199
03/19/2012, $25.56, 309584, $25.38, $25.66, $25.06
03/16/2012, $25.45, 405383, $26, $26, $25.1275
03/15/2012, $25.97, 332506, $26.02, $26.31, $25.77
03/14/2012, $26.1, 151764, $26.1, $26.23, $25.86
03/13/2012, $26.2, 222547, $26.1, $26.2, $25.77
03/12/2012, $25.96, 157362, $25.93, $26.1, $25.72
03/09/2012, $25.96, 177068, $25.52, $26.02, $25.4
03/08/2012, $25.53, 184573, $25.05, $25.6, $24.8
03/07/2012, $24.98, 208240, $24.63, $24.98, $24.53
03/06/2012, $24.58, 204129, $24.56, $24.76, $24.34
03/05/2012, $24.89, 227636, $24.75, $25, $24.6401
03/02/2012, $24.85, 230660, $24.69, $25.1, $24.53
03/01/2012, $24.92, 541144, $25.6, $25.74, $24.79
02/29/2012, $25.44, 282483, $25.95, $26.23, $25.44
02/28/2012, $25.82, 277320, $26.67, $26.76, $25.44
02/27/2012, $26.58, 404909, $26.73, $26.79, $26.3
02/24/2012, $26.98, 176666, $27.18, $27.18, $26.71
02/23/2012, $27.14, 202211, $27.14, $27.25, $26.37
02/22/2012, $27.14, 216684, $27.21, $27.32, $26.75
02/21/2012, $27.21, 418434, $26.81, $27.53, $26.55
02/17/2012, $26.79, 482973, $25.8, $27.31, $25.8
02/16/2012, $25.74, 272888, $25.5, $25.87, $25.43
02/15/2012, $25.43, 584403, $25.67, $26.5, $25.19
02/14/2012, $26.28, 1022894, $30.34, $30.34, $25.39
02/13/2012, $29.59, 270969, $29.11, $29.61, $28.95
02/10/2012, $28.91, 91372, $28.74, $28.91, $28.69
02/09/2012, $28.95, 121228, $29.5, $29.62, $28.9
02/08/2012, $29.29, 198806, $28.5, $29.32, $28.31
02/07/2012, $28.44, 244737, $28.92, $29.04, $28.4
02/06/2012, $28.9, 81051, $28.93, $29.189, $28.7201
02/03/2012, $29.09, 272311, $28.63, $29.13, $28.15
02/02/2012, $28.25, 396661, $29.12, $29.25, $28.02
02/01/2012, $29.15, 235213, $29.19, $29.64, $29.01
01/31/2012, $29.06, 171800, $29.31, $29.6, $28.93
01/30/2012, $29.24, 297968, $29.99, $29.99, $29
01/27/2012, $29.87, 87670, $29.7, $30.04, $29.46
01/26/2012, $29.9, 125318, $30.07, $30.25, $29.63
01/25/2012, $30.09, 174432, $29.27, $30.45, $29.12
01/24/2012, $29.36, 136157, $29.43, $29.7, $29.14
01/23/2012, $29.65, 122222, $29.34, $29.89, $29.21
01/20/2012, $29.43, 143458, $29.75, $29.75, $29.25
01/19/2012, $29.74, 139575, $30.16, $30.46, $29.66
01/18/2012, $29.95, 357360, $29.7, $30.12, $29.7
01/17/2012, $29.63, 144888, $29.83, $30.5, $29.57
01/13/2012, $29.54, 112779, $29.35, $29.72, $28.88
01/12/2012, $29.67, 195991, $29.56, $30.01, $29.2
01/11/2012, $29.45, 139044, $29.08, $29.45, $28.85
01/10/2012, $28.82, 261713, $28.74, $29.18, $28.65
01/09/2012, $28.31, 339613, $27.86, $28.7, $27.64
01/06/2012, $27.65, 183006, $27.49, $27.8, $27.22
01/05/2012, $27.46, 273007, $27.75, $28.03, $27.32
01/04/2012, $27.87, 145909, $27.88, $28.1, $27.71
01/03/2012, $28.07, 164768, $28.6, $28.823, $28
12/30/2011, $28.03, 76423, $28.4, $28.565, $28
12/29/2011, $28.45, 95086, $28.34, $28.8, $28.21
12/28/2011, $28.29, 190129, $28.41, $28.44, $27.56
12/27/2011, $28.47, 120608, $28.42, $28.64, $28.4
12/23/2011, $28.44, 84069, $28.39, $28.56, $28.14
12/22/2011, $28.31, 161560, $29.03, $29.06, $28.26
12/21/2011, $28.82, 291780, $28.12, $28.88, $27.555
12/20/2011, $28.28, 267367, $28.11, $28.37, $28.11
12/19/2011, $27.63, 224734, $28.56, $28.6, $27.52
12/16/2011, $28.42, 517826, $27.98, $28.5, $27.91
12/15/2011, $27.73, 272313, $27.02, $27.77, $26.61
12/14/2011, $26.71, 325673, $26.92, $27.18, $26.11
12/13/2011, $27.26, 452981, $28.44, $28.58, $27.11
12/12/2011, $28.2, 331097, $27.74, $28.3, $27.41
12/09/2011, $27.61, 366402, $26.6, $27.81, $26.33
12/08/2011, $26.56, 297697, $26.34, $27, $26.34
12/07/2011, $26.45, 665949, $26.09, $26.74, $25.85
12/06/2011, $25.51, 167434, $25.58, $26, $25.28
12/05/2011, $25.57, 228440, $25.2, $25.93, $25
12/02/2011, $24.79, 218605, $25.25, $25.36, $24.75
12/01/2011, $24.85, 278927, $25.04, $25.18, $24.72
11/30/2011, $25.07, 365141, $24.86, $25.11, $24.71
11/29/2011, $23.93, 133419, $23.9, $24.13, $23.57
11/28/2011, $23.88, 260495, $23.14, $24.04, $23.12
11/25/2011, $22.31, 55812, $22.56, $22.86, $22.3
11/23/2011, $22.7, 159133, $23.52, $23.5699, $22.69
11/22/2011, $23.65, 97811, $23.78, $23.99, $23.5
11/21/2011, $23.75, 210646, $24, $24.23, $23.61
11/18/2011, $23.9, 166417, $23.63, $24.05, $23.5
11/17/2011, $23.61, 104012, $23.78, $24.01, $23.48
11/16/2011, $23.76, 259810, $24.21, $24.27, $23.67
11/15/2011, $24.45, 301829, $24.5, $24.65, $24.081
11/14/2011, $24.64, 242859, $25.62, $25.62, $24.52
11/11/2011, $25.19, 181453, $25.13, $25.462, $25.05
11/10/2011, $24.96, 183919, $25.32, $25.4199, $24.8
11/09/2011, $24.89, 295224, $24.78, $25.28, $24.55
11/08/2011, $25.17, 189790, $24.2, $25.27, $24.18
11/07/2011, $24.13, 178010, $24.04, $24.28, $23.58
11/04/2011, $24.1, 308837, $24.99, $24.99, $23.8
11/03/2011, $24.73, 315405, $24.14, $25.35, $23.8
11/02/2011, $23.92, 324222, $22.53, $24, $22.53
11/01/2011, $23.23, 431033, $22.87, $24.26, $22.1521
10/31/2011, $22.86, 331713, $22.51, $23.44, $21.87
10/28/2011, $22.1, 78564, $22.14, $22.58, $21.86
10/27/2011, $22.18, 221446, $22.08, $22.5, $21.84
10/26/2011, $21.38, 130824, $21.09, $21.46, $20.62
10/25/2011, $20.8, 82432, $21.53, $21.5792, $20.76
10/24/2011, $21.79, 233703, $21.45, $21.9, $21.14
10/21/2011, $21.32, 166373, $21.43, $21.43, $21.11
10/20/2011, $21, 115626, $21.18, $21.31, $20.5
10/19/2011, $21.06, 104361, $21.18, $21.89, $20.95
10/18/2011, $21.23, 164700, $20.81, $21.56, $20.53
10/17/2011, $20.68, 77205, $21.4, $21.44, $20.62
10/14/2011, $21.44, 104334, $20.99, $21.48, $20.88
10/13/2011, $20.72, 127435, $20.71, $21.25, $20.59
10/12/2011, $20.77, 203513, $21.16, $21.18, $20.54
10/11/2011, $20.91, 164417, $21.13, $21.46, $20.78
10/10/2011, $21.36, 143622, $20.45, $21.37, $20.39
10/07/2011, $20.09, 151307, $21.03, $21.25, $20.06
10/06/2011, $20.9, 203748, $19.7, $21, $19.67
10/05/2011, $19.79, 159493, $19.66, $19.96, $19.06
10/04/2011, $19.59, 213058, $18.42, $19.77, $18.285
10/03/2011, $18.62, 430405, $18.65, $19.129, $18.46
09/30/2011, $18.81, 496737, $17.89, $18.88, $17.88
09/29/2011, $18.19, 103707, $18.08, $18.48, $17.615
09/28/2011, $17.67, 123162, $18.33, $18.43, $17.66
09/27/2011, $18.28, 188752, $18.88, $18.9, $18.12
09/26/2011, $18.59, 285353, $16.42, $18.61, $16.42
09/23/2011, $15.57, 322555, $15.68, $16.24, $15.41
09/22/2011, $15.73, 237415, $16.79, $16.79, $15.52
09/21/2011, $17.31, 349661, $18.42, $18.52, $17.27
09/20/2011, $18.41, 225026, $18.6, $18.62, $18.33
09/19/2011, $18.55, 106864, $18.34, $18.69, $18.33
09/16/2011, $18.6, 236380, $18.95, $18.95, $18.45
09/15/2011, $18.81, 92861, $18.84, $18.97, $18.4
09/14/2011, $18.63, 159256, $19, $19, $18.35
09/13/2011, $18.8, 116888, $18.71, $18.93, $18.42
09/12/2011, $18.67, 166911, $18.46, $18.76, $18.26
09/09/2011, $18.7, 233011, $19, $19.12, $18.67
09/08/2011, $19.1, 169827, $19.25, $19.27, $19
09/07/2011, $19.43, 206267, $19.5, $19.5, $18.87
09/06/2011, $19.17, 143813, $18.77, $19.59, $18.7
09/02/2011, $19.35, 264835, $19.84, $19.91, $19.29
09/01/2011, $20.27, 145702, $20.62, $20.84, $20.16
08/31/2011, $20.61, 335182, $20.34, $20.65, $20.1501
08/30/2011, $20.27, 247977, $20.42, $20.58, $20.16
08/29/2011, $20.5, 292399, $20.58, $21.41, $20.38
08/26/2011, $20.31, 252053, $19.31, $20.38, $19.1262
08/25/2011, $19.45, 157990, $19.42, $19.5, $18.44
08/24/2011, $19.23, 117109, $18.74, $19.35, $18.45
08/23/2011, $18.76, 132295, $17.19, $18.81, $17.19
08/22/2011, $17.15, 51804, $16.93, $17.4, $16.76
08/19/2011, $16.52, 66699, $16.96, $17.41, $16.5
08/18/2011, $17.31, 108333, $18.15, $18.23, $17.11
08/17/2011, $18.63, 51594, $19.31, $19.43, $18.56
08/16/2011, $19.2, 138172, $19.31, $19.46, $18.72
08/15/2011, $19.47, 175600, $18.72, $19.6, $18.72
08/12/2011, $18.51, 69648, $18.18, $18.58, $17.99
08/11/2011, $18.06, 161333, $16.96, $18.54, $16.95
08/10/2011, $17.05, 193273, $17.45, $17.55, $16.73
08/09/2011, $18.05, 217894, $17, $18.07, $16.33
08/08/2011, $16.71, 189900, $18.16, $19.31, $16.67
08/05/2011, $18.56, 183131, $17.54, $19.17, $17.11
08/04/2011, $17.36, 179038, $18.21, $18.59, $17.33
08/03/2011, $18.41, 108072, $18.23, $18.674, $17.85
08/02/2011, $18.25, 118373, $18.48, $18.62, $18.07
08/01/2011, $18.6, 98080, $18.7, $18.7, $18.2
07/29/2011, $18.55, 64010, $18.52, $18.77, $18.31
07/28/2011, $18.75, 57219, $18.74, $19.05, $18.5999
07/27/2011, $18.76, 202454, $19.27, $19.27, $18.61
07/26/2011, $19.38, 56003, $20.31, $20.31, $19.3
07/25/2011, $20.36, 78740, $20.24, $20.64, $20.13
07/22/2011, $20.42, 59028, $20.64, $20.74, $20.37
07/21/2011, $20.65, 94185, $20.1, $20.89, $20.06
07/20/2011, $20.06, 59677, $19.83, $20.3297, $19.78
07/19/2011, $19.86, 106031, $19.46, $19.86, $19.29
07/18/2011, $19.26, 85178, $19.74, $19.74, $19.24
07/15/2011, $19.76, 87315, $19.46, $19.9, $19.46
07/14/2011, $19.42, 64187, $19.82, $19.83, $19.25
07/13/2011, $19.81, 178559, $19.44, $19.81, $19.41
07/12/2011, $19.3, 159158, $19.25, $19.4, $19.22
07/11/2011, $19.28, 110735, $19.49, $19.61, $19.16
07/08/2011, $19.7, 165210, $19.3, $20.16, $19.25
07/07/2011, $19.55, 66963, $19.65, $19.65, $19.405
07/06/2011, $19.51, 48610, $19.51, $19.54, $19.3
07/05/2011, $19.52, 57061, $19.57, $19.61, $19.25
07/01/2011, $19.62, 110764, $19.42, $19.79, $19.33
06/30/2011, $19.4, 145718, $19.36, $19.5, $19.27
06/29/2011, $19.29, 103529, $19.34, $19.41, $19.23
06/28/2011, $19.31, 197525, $19.25, $19.67, $19.19
06/27/2011, $19.25, 108371, $18.74, $19.31, $18.57
06/24/2011, $18.78, 523106, $19.09, $19.24, $18.57
06/23/2011, $19.06, 86126, $18.45, $19.39, $18.3
06/22/2011, $18.64, 46782, $18.42, $18.975, $18.42
06/21/2011, $18.54, 265237, $18.18, $18.66, $18
06/20/2011, $18.04, 298323, $17.82, $18.25, $17.1
06/17/2011, $17.86, 150168, $18.1, $18.1, $17.51
06/16/2011, $17.99, 79023, $17.99, $18.06, $17.58
06/15/2011, $17.95, 99681, $17.97, $18.25, $17.82
06/14/2011, $18.14, 144800, $18.05, $18.17, $17.82
06/13/2011, $17.9, 122917, $18.07, $18.34, $17.75
06/10/2011, $17.97, 221573, $17.7, $18.12, $17.37
06/09/2011, $17.59, 38178, $17.97, $17.98, $17.51
06/08/2011, $17.9, 75102, $17.92, $18.14, $17.7
06/07/2011, $18.01, 93769, $17.8, $18.13, $17.49
06/06/2011, $17.65, 94181, $17.25, $17.79, $17.25
06/03/2011, $17.25, 62796, $17.45, $17.69, $17.22
06/02/2011, $17.76, 52709, $17.56, $17.96, $17.37
06/01/2011, $17.56, 174730, $18.4, $18.48, $17.41
05/31/2011, $18.41, 142908, $18.31, $18.51, $17.95
05/27/2011, $18.1, 86976, $18.08, $18.15, $17.72
05/26/2011, $17.97, 144495, $18.38, $18.5, $17.84
05/25/2011, $18.47, 148338, $17.87, $18.53, $17.74
05/24/2011, $17.94, 76522, $18.03, $18.09, $17.92
05/23/2011, $18, 81796, $18.07, $18.24, $17.54
05/20/2011, $18.35, 69922, $18.45, $18.66, $18.33
05/19/2011, $18.52, 50135, $18.51, $18.69, $18.04
05/18/2011, $18.38, 182985, $17.86, $18.6, $17.75
05/17/2011, $17.78, 45345, $17.6, $18.12, $17.6
05/16/2011, $17.75, 52500, $18.02, $18.15, $17.73
05/13/2011, $18.16, 60326, $18.7, $18.77, $17.93
05/12/2011, $18.66, 59291, $18.69, $18.89, $18.28
05/11/2011, $18.61, 82193, $18.92, $18.99, $18.6
05/10/2011, $18.95, 82608, $18.9, $19.06, $18.5765
05/09/2011, $18.83, 145212, $18.42, $19.01, $18.35
05/06/2011, $18.56, 166241, $18.88, $19.04, $18.46
05/05/2011, $18.7, 285544, $18.9, $19.05, $17.93
05/04/2011, $19.04, 139076, $20.24, $20.36, $19
05/03/2011, $20.44, 150712, $20.66, $20.85, $20.03
05/02/2011, $20.63, 90586, $20.93, $20.952, $20.63
04/29/2011, $20.82, 133720, $20.65, $21.1, $20.63
04/28/2011, $20.66, 171032, $20.34, $20.7, $20.22
04/27/2011, $20.43, 178371, $20.26, $20.44, $19.79
04/26/2011, $20.6, 50555, $20.39, $20.62, $20.1903
04/25/2011, $20.45, 30421, $20.57, $20.57, $20.19
04/21/2011, $20.59, 41322, $20.6, $20.6, $20.2599
04/20/2011, $20.5, 84840, $20.65, $21, $20.24
04/19/2011, $20.39, 113806, $20.35, $20.42, $20.21
04/18/2011, $20.26, 80032, $20, $20.28, $19.8
04/15/2011, $20.24, 134785, $20.33, $20.84, $20.17
04/14/2011, $20.43, 69329, $19.66, $20.45, $19.66
04/13/2011, $19.75, 65237, $19.72, $19.89, $19.63
04/12/2011, $19.64, 82493, $19.55, $19.98, $19.51
04/11/2011, $19.75, 57463, $19.74, $19.81, $19.7
04/08/2011, $19.77, 48579, $19.75, $19.9, $19.72
04/07/2011, $19.63, 82175, $19.88, $20.01, $19.6
04/06/2011, $19.81, 57733, $20.04, $20.14, $19.7
04/05/2011, $19.98, 54098, $20.16, $20.2, $19.89
04/04/2011, $20.17, 48237, $20.21, $20.34, $19.89
04/01/2011, $20.2, 55917, $20.38, $20.57, $20.08
03/31/2011, $20.29, 96541, $20.2, $20.85, $20.111
03/30/2011, $20.19, 67753, $20.05, $20.28, $19.9
03/29/2011, $20.06, 227102, $18.99, $20.08, $18.91
03/28/2011, $18.89, 67918, $18.7, $19.0488, $18.66
03/25/2011, $18.71, 61695, $18.86, $18.965, $18.54
