Date, Close/Last, Volume, Open, High, Low
01/20/2021, $6.23, 72674, $6.3, $6.5199, $6.15
01/19/2021, $6.2, 84054, $6.12, $6.2207, $5.97
01/15/2021, $6.06, 71819, $6.09, $6.12, $5.97
01/14/2021, $6.16, 37891, $6.21, $6.2923, $6.1201
01/13/2021, $6.18, 60443, $6.25, $6.4154, $6.07
01/12/2021, $6.27, 88090, $6.1, $6.3, $6.1
01/11/2021, $6.1, 67054, $6.22, $6.2584, $6.07
01/08/2021, $6.26, 97591, $6.35, $6.43, $6.1701
01/07/2021, $6.41, 65156, $6.68, $6.7, $6.38
01/06/2021, $6.67, 92331, $6.41, $6.8, $6.38
01/05/2021, $6.31, 102057, $6.37, $6.425, $6.27
01/04/2021, $6.33, 98935, $6.46, $6.5372, $6.28
12/31/2020, $6.46, 139568, $6.7, $6.8099, $6.36
12/30/2020, $6.69, 83955, $6.55, $6.88, $6.47
12/29/2020, $6.54, 115226, $6.84, $6.9983, $6.45
12/28/2020, $6.75, 116272, $6.42, $6.81, $6.4143
12/24/2020, $6.38, 29088, $6.5, $6.5, $6.34
12/23/2020, $6.47, 41865, $6.34, $6.53, $6.3
12/22/2020, $6.29, 53228, $6.23, $6.31, $6.11
12/21/2020, $6.25, 58059, $6.29, $6.33, $6.1
12/18/2020, $6.42, 278555, $6.38, $6.53, $6.23
12/17/2020, $6.35, 137463, $6.1405, $6.43, $6.1405
12/16/2020, $6.17, 111048, $6.4, $6.41, $6.16
12/15/2020, $6.35, 57537, $6.27, $6.4, $6.12
12/14/2020, $6.2, 97171, $6.21, $6.3, $6.04
12/11/2020, $6.11, 34936, $6, $6.17, $6
12/10/2020, $6.08, 78954, $6.05, $6.1, $5.99
12/09/2020, $6.05, 109404, $6.3, $6.33, $6
12/08/2020, $6.25, 93922, $6.23, $6.35, $6.09
12/07/2020, $6.3, 57245, $6.22, $6.47, $6.15
12/04/2020, $6.22, 43692, $6.09, $6.25, $6.04
12/03/2020, $6.09, 81264, $6.09, $6.17, $6.05
12/02/2020, $6.1, 108798, $6.34, $6.34, $6.06
12/01/2020, $6.39, 144469, $6.69, $6.805, $6.35
11/30/2020, $6.56, 165479, $6.28, $6.6, $6.19
11/27/2020, $6.34, 24205, $6.33, $6.43, $6.31
11/25/2020, $6.33, 76860, $6.37, $6.51, $6.17
11/24/2020, $6.36, 130040, $6.22, $6.5, $6
11/23/2020, $6.13, 84078, $6.15, $6.21, $6.0537
11/20/2020, $6.11, 141024, $5.75, $6.19, $5.75
11/19/2020, $5.83, 138982, $5.77, $6.0499, $5.67
11/18/2020, $5.77, 120009, $5.72, $5.965, $5.72
11/17/2020, $5.74, 67186, $5.62, $5.84, $5.58
11/16/2020, $5.63, 134689, $5.77, $5.95, $5.6
11/13/2020, $5.72, 183513, $5.57, $5.83, $5.51
11/12/2020, $5.55, 148276, $5.68, $5.71, $5.48
11/11/2020, $5.75, 147988, $5.99, $5.99, $5.64
11/10/2020, $5.91, 132866, $5.75, $6.05, $5.61
11/09/2020, $5.69, 257224, $5.18, $5.84, $5.18
11/06/2020, $4.82, 74745, $4.95, $4.96, $4.78
11/05/2020, $4.94, 106214, $4.83, $5, $4.8
11/04/2020, $4.8, 112832, $4.6, $4.86, $4.6
11/03/2020, $4.67, 117165, $4.66, $4.785, $4.61
11/02/2020, $4.6, 129284, $4.53, $4.73, $4.47
10/30/2020, $4.59, 241667, $4.86, $4.87, $4.54
10/29/2020, $4.9, 107146, $4.83, $4.98, $4.69
10/28/2020, $4.87, 411739, $5.04, $5.05, $4.84
10/27/2020, $5.08, 123127, $5.26, $5.265, $5.055
10/26/2020, $5.25, 91611, $5.15, $5.29, $5.15
10/23/2020, $5.22, 56668, $5.33, $5.4, $5.2
10/22/2020, $5.31, 72653, $5.44, $5.55, $5.22
10/21/2020, $5.41, 154385, $5.41, $5.62, $5.38
10/20/2020, $5.41, 469974, $5.03, $5.47, $5.03
10/19/2020, $4.98, 186403, $5.12, $5.12, $4.85
10/16/2020, $5.11, 82325, $5.12, $5.24, $5.03
10/15/2020, $5.13, 199994, $5.17, $5.18, $5.03
10/14/2020, $5.25, 94685, $5.3, $5.36, $5.23
10/13/2020, $5.28, 47282, $5.29, $5.35, $5.235
10/12/2020, $5.33, 96228, $5.35, $5.4, $5.13
10/09/2020, $5.37, 76625, $5.6, $5.72, $5.35
10/08/2020, $5.59, 104219, $5.62, $5.73, $5.49
10/07/2020, $5.53, 100658, $5.41, $5.62, $5.41
10/06/2020, $5.42, 246323, $5.24, $5.6, $5.22
10/05/2020, $5.21, 193685, $5.09, $5.23, $5.08
10/02/2020, $5.04, 154447, $4.97, $5.12, $4.87
10/01/2020, $5.1, 146201, $5.15, $5.19, $4.91
09/30/2020, $5.08, 429242, $5.05, $5.4, $5
09/29/2020, $5.03, 918508, $5.39, $5.45, $5.02
09/28/2020, $5.41, 237115, $5.25, $5.59, $5.25
09/25/2020, $5.27, 418460, $5.59, $5.62, $5.24
09/24/2020, $5.87, 223312, $5.97, $6.0127, $5.8
09/23/2020, $5.96, 158612, $6.08, $6.16, $5.93
09/22/2020, $6.14, 265207, $6.47, $6.47, $6.06
09/21/2020, $6.42, 213826, $6.52, $6.55, $6.31
09/18/2020, $6.65, 323097, $6.73, $6.73, $6.5
09/17/2020, $6.64, 231572, $6.78, $6.78, $6.52
09/16/2020, $6.61, 132466, $6.64, $6.7, $6.54
09/15/2020, $6.6, 116358, $6.71, $6.7545, $6.5
09/14/2020, $6.68, 154403, $6.79, $6.91, $6.58
09/11/2020, $6.77, 159574, $7.04, $7.115, $6.64
09/10/2020, $7, 195978, $6.85, $7.05, $6.82
09/09/2020, $6.81, 208829, $6.67, $6.97, $6.64
09/08/2020, $6.61, 176056, $6.51, $6.66, $6.35
09/04/2020, $6.58, 174868, $6.87, $6.9, $6.52
09/03/2020, $6.78, 180432, $6.9, $7.05, $6.73
09/02/2020, $6.92, 233537, $7.11, $7.19, $6.9
09/01/2020, $7.14, 99453, $6.96, $7.19, $6.96
08/31/2020, $7.05, 244120, $7.17, $7.2, $7
08/28/2020, $7.22, 115918, $7.26, $7.28, $7.21
08/27/2020, $7.19, 105133, $7.26, $7.36, $7.15
08/26/2020, $7.22, 182832, $7.19, $7.28, $7.19
08/25/2020, $7.21, 125950, $7.3, $7.32, $7.196
08/24/2020, $7.24, 184342, $7.37, $7.37, $7.19
08/21/2020, $7.37, 272299, $7.47, $7.48, $7.24
08/20/2020, $7.52, 180730, $7.44, $7.65, $7.405
08/19/2020, $7.54, 127154, $7.75, $7.75, $7.45
08/18/2020, $7.73, 138542, $8.05, $8.06, $7.72
08/17/2020, $8.09, 243032, $8.16, $8.225, $7.9806
08/14/2020, $8.15, 172952, $8.08, $8.19, $7.9701
08/13/2020, $8.14, 155907, $8.12, $8.23, $8.0101
08/12/2020, $8.12, 240454, $8.02, $8.23, $7.97
08/11/2020, $8.05, 223417, $7.84, $8.19, $7.84
08/10/2020, $7.82, 221070, $8.04, $8.28, $7.73
08/07/2020, $8.06, 472231, $6.71, $8.12, $6.6535
08/06/2020, $8.28, 168651, $8.06, $8.31, $7.845
08/05/2020, $8.05, 311565, $7.79, $8.06, $7.68
08/04/2020, $7.69, 176542, $7.48, $7.7, $7.36
08/03/2020, $7.5, 200967, $7.5, $7.57, $7.32
07/31/2020, $7.43, 266566, $7.35, $7.45, $7.18
07/30/2020, $7.37, 219710, $7.29, $7.381, $7.1
07/29/2020, $7.38, 258545, $7.47, $7.49, $7.13
07/28/2020, $7.4, 233796, $7.55, $7.59, $7.265
07/27/2020, $7.61, 300575, $7.31, $7.695, $7.31
07/24/2020, $7.3, 147417, $7.76, $7.76, $7.2125
07/23/2020, $7.75, 226018, $7.47, $7.78, $7.43
07/22/2020, $7.53, 301416, $7.3, $7.69, $7.3
07/21/2020, $7.33, 362335, $7.14, $7.49, $6.89
07/20/2020, $6.64, 164702, $6.52, $6.66, $6.42
07/17/2020, $6.51, 210496, $6.5, $6.56, $6.4
07/16/2020, $6.5, 257393, $6.59, $6.675, $6.45
07/15/2020, $6.64, 325273, $6.5, $6.76, $6.32
07/14/2020, $6.36, 194644, $6.38, $6.46, $6.175
07/13/2020, $6.37, 371252, $6.54, $6.74, $6.26
07/10/2020, $6.33, 484312, $6.4, $6.44, $6.07
07/09/2020, $6.44, 301295, $6.91, $6.99, $6.25
07/08/2020, $6.92, 499934, $7.19, $7.21, $6.61
07/07/2020, $7.18, 255889, $7.55, $7.67, $7.11
07/06/2020, $7.61, 379186, $7.7, $7.7913, $7.56
07/02/2020, $7.52, 321409, $7.5, $7.63, $7.37
07/01/2020, $7.45, 416837, $7, $7.46, $7
06/30/2020, $6.95, 1126136, $6.63, $7.05, $6.55
06/29/2020, $6.57, 384113, $6.75, $6.78, $6.39
06/26/2020, $6.64, 3525549, $7.16, $7.24, $6.52
06/25/2020, $7.24, 433064, $7.06, $7.71, $6.95
06/24/2020, $7, 261562, $7.26, $7.315, $6.83
06/23/2020, $7.19, 314118, $7.1, $7.4473, $7.08
06/22/2020, $7, 286553, $7.2, $7.235, $6.79
06/19/2020, $7.2, 217756, $6.91, $7.27, $6.91
06/18/2020, $6.91, 220927, $7, $7.13, $6.85
06/17/2020, $7.03, 126929, $7.22, $7.27, $6.99
06/16/2020, $7.16, 221467, $7.44, $7.44, $7.11
06/15/2020, $7.23, 337391, $6.55, $7.49, $6.54
06/12/2020, $6.62, 344970, $6.88, $7.18, $6.509
06/11/2020, $6.72, 316982, $7.37, $7.44, $6.65
06/10/2020, $7.54, 255352, $7.51, $7.684, $7.485
06/09/2020, $7.5, 228071, $7.52, $7.58, $7.45
06/08/2020, $7.61, 204463, $7.55, $7.66, $7.485
06/05/2020, $7.51, 234073, $7.62, $7.64, $7.35
06/04/2020, $7.5, 194731, $7.37, $7.58, $7.33
06/03/2020, $7.43, 315146, $7.4, $7.79, $7.36
06/02/2020, $7.31, 335572, $7.4, $7.59, $7.26
06/01/2020, $7.43, 247953, $7.54, $7.63, $7.38
05/29/2020, $7.41, 215825, $7.41, $7.58, $7.31
05/28/2020, $7.35, 250114, $7.35, $7.52, $7.2737
05/27/2020, $7.24, 151859, $7.26, $7.33, $6.95
05/26/2020, $7.1, 270139, $7.2, $7.43, $7.065
05/22/2020, $6.99, 89473, $6.99, $7.07, $6.85
05/21/2020, $6.92, 263960, $6.99, $7.21, $6.87
05/20/2020, $6.9, 162567, $6.68, $6.92, $6.6
05/19/2020, $6.62, 166391, $6.79, $6.83, $6.505
05/18/2020, $6.72, 170123, $6.56, $6.94, $6.56
05/15/2020, $6.37, 129857, $6.15, $6.53, $6.1
05/14/2020, $6.2, 175014, $6.08, $6.23, $6
05/13/2020, $6.13, 162219, $6.38, $6.48, $5.92
05/12/2020, $6.27, 328308, $6.51, $6.77, $6.21
05/11/2020, $6.57, 298778, $7.02, $7.09, $6.54
05/08/2020, $7.24, 382085, $6.58, $7.78, $6.45
05/07/2020, $6.38, 129709, $6.6, $6.775, $6.29
05/06/2020, $6.61, 187618, $6.66, $6.93, $6.58
05/05/2020, $6.56, 250704, $6.3, $6.99, $6.299
05/04/2020, $6.31, 225971, $6.37, $6.37, $5.9
05/01/2020, $6.4, 194256, $6.37, $6.68, $6.34
04/30/2020, $6.43, 136883, $6.54, $6.65, $6.35
04/29/2020, $6.54, 392550, $5.71, $6.9, $5.62
04/28/2020, $5.59, 428434, $5.37, $5.66, $5.15
04/27/2020, $5.37, 207300, $5.38, $5.44, $5.11
04/24/2020, $5.42, 179167, $5.5, $5.59, $5.285
04/23/2020, $5.51, 233350, $6.03, $6.0899, $5.5
04/22/2020, $6.03, 149063, $5.76, $6.05, $5.67
04/21/2020, $5.68, 212632, $5.78, $5.9, $5.66
04/20/2020, $5.92, 244371, $5.74, $6.09, $5.68
04/17/2020, $5.82, 239482, $5.82, $5.92, $5.77
04/16/2020, $5.68, 135927, $5.76, $5.99, $5.66
04/15/2020, $5.79, 257116, $5.83, $6.0699, $5.54
04/14/2020, $5.99, 234879, $6.26, $6.45, $5.9
04/13/2020, $6.14, 207333, $6.31, $6.3699, $5.87
04/09/2020, $6.32, 332857, $5.75, $6.33, $5.7
04/08/2020, $5.75, 420073, $5.55, $5.83, $5.44
04/07/2020, $5.39, 500020, $5.62, $5.82, $5.24
04/06/2020, $5.5, 439006, $5.84, $6.07, $5.31
04/03/2020, $5.5, 189597, $5.69, $5.88, $5.35
04/02/2020, $5.7, 297512, $5.98, $6.11, $5.45
04/01/2020, $5.84, 129132, $5.77, $5.99, $5.6
03/31/2020, $5.95, 263803, $6.2, $6.2, $5.69
03/30/2020, $6.18, 187170, $5.24, $6.23, $5.24
03/27/2020, $5.32, 620147, $5.54, $5.7, $5.02
03/26/2020, $5.72, 306950, $5.3, $5.87, $4.91
03/25/2020, $5.23, 293788, $5.17, $5.49, $4.92
03/24/2020, $5.11, 258853, $4.97, $5.31, $4.92
03/23/2020, $4.8, 223566, $4.47, $4.8, $4.05
03/20/2020, $4.51, 317431, $4.03, $4.65, $4
03/19/2020, $4.23, 469885, $3.79, $4.39, $3.74
03/18/2020, $3.61, 492614, $3.85, $3.98, $2.75
03/17/2020, $4.09, 618493, $4.23, $4.38, $3.6
03/16/2020, $4.23, 387723, $3.75, $4.29, $3.75
03/13/2020, $4.63, 569419, $4.31, $4.85, $4.11
03/12/2020, $4.12, 583041, $5.38, $5.53, $3.94
03/11/2020, $5.75, 351226, $6.84, $6.97, $5.75
03/10/2020, $6.95, 487017, $6.55, $7.14, $6.51
03/09/2020, $6.41, 692714, $6.8, $6.87, $6.39
03/06/2020, $7.1, 1006758, $7.1, $7.38, $7.1
03/05/2020, $7.11, 201407, $7.42, $7.44, $7.1
03/04/2020, $7.4, 124547, $7.53, $7.575, $7.32
03/03/2020, $7.48, 177495, $7.65, $7.7104, $7.32
03/02/2020, $7.65, 234860, $7.41, $7.77, $7.36
02/28/2020, $7.4, 246539, $7.36, $7.61, $7.2
02/27/2020, $7.45, 312412, $7.41, $7.64, $7.15
02/26/2020, $7.51, 446947, $7.48, $7.77, $7.44
02/25/2020, $7.43, 343444, $7.5, $7.65, $7.35
02/24/2020, $7.49, 512539, $7.63, $7.63, $7.15
02/21/2020, $7.76, 2839808, $7.92, $8.09, $7.75
02/20/2020, $8.56, 138726, $8.65, $8.69, $8.49
02/19/2020, $8.63, 189603, $8.56, $8.64, $8.28
02/18/2020, $8.53, 235478, $9.22, $9.2359, $8.45
02/14/2020, $9.3, 186980, $9.28, $9.59, $9.22
02/13/2020, $9.21, 129273, $9.25, $9.28, $9.01
02/12/2020, $9.19, 238302, $9.47, $9.5655, $8.95
02/11/2020, $9.47, 222060, $9.66, $9.7562, $9.29
02/10/2020, $9, 340521, $8.9, $9.18, $8.85
02/07/2020, $8.7, 727818, $8.26, $9.14, $8.05
02/06/2020, $7.84, 68903, $7.99, $8, $7.66
02/05/2020, $8, 148653, $7.92, $8, $7.76
02/04/2020, $7.96, 75441, $7.84, $8, $7.67
02/03/2020, $7.79, 68305, $7.71, $7.8, $7.6027
01/31/2020, $7.69, 69871, $7.45, $7.7, $7.45
01/30/2020, $7.42, 116714, $7.37, $7.4769, $7.14
01/29/2020, $7.4, 128540, $7.46, $7.5, $7.33
01/28/2020, $7.53, 98320, $7.67, $7.67, $7.46
01/27/2020, $7.54, 70894, $7.54, $7.66, $7.405
01/24/2020, $7.7, 112325, $7.86, $7.87, $7.58
01/23/2020, $7.67, 159866, $7.8, $7.85, $7.61
01/22/2020, $7.84, 330793, $7.52, $8, $7.45
01/21/2020, $7.49, 403191, $7.53, $7.6001, $7.3473
01/17/2020, $7.48, 96493, $7.4, $7.58, $7.3
01/16/2020, $7.45, 118848, $7.5, $7.61, $7.4
01/15/2020, $7.41, 112972, $7.38, $7.5, $7.3
01/14/2020, $7.34, 98203, $7.49, $7.56, $7.31
01/13/2020, $7.47, 114015, $7.55, $7.65, $7.465
01/10/2020, $7.51, 132367, $7.56, $7.66, $7.48
01/09/2020, $7.52, 94788, $7.39, $7.625, $7.39
01/08/2020, $7.45, 81711, $7.5, $7.5, $7.16
01/07/2020, $7.5, 100504, $7.58, $7.69, $7.41
01/06/2020, $7.55, 91784, $7.45, $7.65, $7.27
01/03/2020, $7.49, 162234, $7.66, $7.665, $7.305
01/02/2020, $7.66, 102103, $7.71, $7.8, $7.5
12/31/2019, $7.71, 187628, $7.32, $7.76, $7.32
12/30/2019, $7.34, 89246, $7.2, $7.38, $7.135
12/27/2019, $7.25, 41810, $7.25, $7.3, $7.18
12/26/2019, $7.2, 43104, $7.18, $7.24, $7
12/24/2019, $7.12, 45174, $7.129, $7.2, $7.04
12/23/2019, $7.16, 85421, $7.24, $7.35, $6.96
12/20/2019, $7.2, 146468, $7.15, $7.24, $6.99
12/19/2019, $7.19, 225891, $6.86, $7.25, $6.82
12/18/2019, $6.85, 100398, $6.78, $7.04, $6.78
12/17/2019, $6.76, 158918, $6.8, $6.98, $6.63
12/16/2019, $6.75, 148055, $6.83, $6.91, $6.62
12/13/2019, $6.78, 1327883, $6.5, $6.78, $6.45
12/12/2019, $6.96, 196382, $7.25, $7.31, $6.8
12/11/2019, $7.22, 76136, $7.35, $7.61, $7.17
12/10/2019, $7.25, 87464, $7.85, $8, $7.16
12/09/2019, $7.81, 117299, $7.4, $7.82, $7.07
12/06/2019, $7.29, 116563, $7.43, $7.64, $7.04
12/05/2019, $7.31, 247804, $7.2, $7.49, $7.03
12/04/2019, $7, 212107, $7.05, $7.454, $6.7838
12/03/2019, $6.68, 217877, $6.56, $6.96, $6.006
12/02/2019, $6.2, 61776, $5.9, $6.24, $5.9
11/29/2019, $5.87, 4015, $5.55, $5.87, $5.5145
11/27/2019, $5.66, 20481, $5.51, $5.97, $5.5
11/26/2019, $5.8, 14532, $5.82, $5.82, $5.65
11/25/2019, $5.85, 15056, $5.584, $5.85, $5.44
11/22/2019, $5.39, 18087, $5.41, $5.66, $5.32
11/21/2019, $5.43, 17201, $5.5408, $5.7833, $5.43
11/20/2019, $5.7, 41307, $5.68, $5.99, $5.68
11/19/2019, $5.69, 17707, $5.5, $5.74, $5.36
11/18/2019, $5.54, 69201, $5.47, $5.6, $5.2
11/15/2019, $5.5, 11700, $5.52, $5.58, $5.26
11/14/2019, $5.52, 18444, $5.52, $5.52, $5.34
11/13/2019, $5.5, 5979, $5.5, $5.56, $5.5
11/12/2019, $5.5, 10058, $5.44, $5.5835, $5.44
11/11/2019, $5.52, 16565, $5.4, $5.59, $5.31
11/08/2019, $5.51, 29624, $5.64, $5.64, $5.36
11/07/2019, $5.55, 23419, $5.439, $5.7, $5.41
11/06/2019, $5.55, 25175, $5.6, $5.71, $5.47
11/05/2019, $5.55, 6180, $5.46, $5.68, $5.45
11/04/2019, $5.5, 36207, $5.85, $5.98, $5.41
11/01/2019, $5.85, 16884, $5.89, $5.99, $5.82
10/31/2019, $5.92, 18892, $5.77, $5.99, $5.76
10/30/2019, $5.77, 15183, $5.82, $5.88, $5.54
10/29/2019, $5.8, 12548, $5.58, $5.83, $5.5
10/28/2019, $5.58, 10218, $5.72, $5.9214, $5.52
10/25/2019, $5.71, 28107, $5.77, $6.0282, $5.68
10/24/2019, $5.77, 79499, $5.8, $6.07, $5.51
10/23/2019, $5.78, 28947, $5.53, $5.9, $5.53
10/22/2019, $5.51, 63528, $5.5, $5.8, $5.2733
10/21/2019, $5.5, 290256, $5.4, $5.5602, $5.25
10/18/2019, $5.445, 22785, $5.35, $5.48, $5.21
10/17/2019, $5.31, 23319, $5.12, $5.4, $5.1
10/16/2019, $5.08, 12104, $5.12, $5.21, $5.07
10/15/2019, $5.15, 26496, $5.26, $5.28, $5.06
10/14/2019, $5.14, 51680, $5.39, $5.39, $4.73
10/11/2019, $5.35, 72000, $5.3, $5.53, $5.03
10/10/2019, $5.3, 35411, $5.23, $5.45, $5.21
10/09/2019, $5.22, 7928, $5.37, $5.38, $5.2182
10/08/2019, $5.33, 21976, $5.06, $5.49, $5.0508
10/07/2019, $5.14, 93991, $5.25, $5.59, $5.06
10/04/2019, $5.24, 10850, $5.29, $5.3, $5.09
10/03/2019, $5.29, 17057, $5.05, $5.33, $5.01
10/02/2019, $5.07, 10098, $5.24, $5.37, $5.07
10/01/2019, $5.18, 69541, $5.47, $5.75, $5.01
09/30/2019, $5.44, 62309, $5.32, $5.4999, $5.17
09/27/2019, $5.26, 11381, $5.38, $5.38, $5.05
09/26/2019, $5.34, 13284, $5.36, $5.52, $5.14
09/25/2019, $5.36, 69569, $5.25, $5.61, $5.215
09/24/2019, $5.23, 22568, $5.25, $5.3, $5.15
09/23/2019, $5.21, 13603, $5.42, $5.5, $5.21
09/20/2019, $5.53, 47898, $5.15, $5.55, $4.98
09/19/2019, $5.21, 25471, $5.085, $5.29, $5.02
09/18/2019, $5.02, 15778, $5.07, $5.2, $4.94
09/17/2019, $5.09, 45256, $5.16, $5.24, $4.7
09/16/2019, $5.24, 32053, $5.32, $5.42, $5.13
09/13/2019, $5.32, 24135, $5.39, $5.43, $5
09/12/2019, $5.25, 23622, $5.31, $5.34, $5.05
09/11/2019, $5.25, 32583, $5.21, $5.43, $5.05
09/10/2019, $5.21, 32407, $5.58, $5.58, $5.12
09/09/2019, $5.55, 74136, $5.41, $5.7499, $5.41
09/06/2019, $5.45, 45825, $5.14, $5.6, $5.1
09/05/2019, $5.15, 67834, $5.25, $5.31, $4.98
09/04/2019, $5.25, 29960, $5.45, $5.65, $5.11
09/03/2019, $5.49, 187499, $5.74, $5.8171, $5.27
08/30/2019, $5.74, 68783, $4.81, $5.74, $4.81
08/29/2019, $4.83, 196035, $4.95, $5.1973, $4.7768
08/28/2019, $4.93, 291346, $4.7, $5.19, $4.7
08/27/2019, $4.5, 44197, $4.41, $4.7, $4.21
08/26/2019, $4.41, 11474, $4.33, $4.4199, $4.2411
08/23/2019, $4.36, 12215, $4.33, $4.42, $4.21
08/22/2019, $4.34, 17089, $4.5, $4.5, $4.29
08/21/2019, $4.4, 15564, $4.32, $4.4, $4.32
08/20/2019, $4.28, 7369, $4.36, $4.4, $4.26
08/19/2019, $4.27, 22668, $4.2, $4.39, $4.0251
08/16/2019, $4.26, 19464, $4.467, $4.47, $4.26
08/15/2019, $4.26, 111478, $4.35, $4.75, $4.25
08/14/2019, $4.3, 99206, $4.18, $4.49, $4.18
08/13/2019, $4.19, 123749, $4.2, $4.4, $4.19
08/12/2019, $4.21, 23078, $4.49, $4.49, $4.21
08/09/2019, $4.49, 38091, $4.38, $4.5, $4.26
08/08/2019, $4.3, 565922, $4.38, $4.4, $4.2
08/07/2019, $4.33, 90828, $4.16, $4.47, $4.06
08/06/2019, $4.19, 288014, $4.2, $4.25, $3.8286
08/05/2019, $4.12, 301707, $3.76, $4.56, $3.76
08/02/2019, $4, 21600, $3.85, $4.05, $3.67
08/01/2019, $3.86, 38065, $3.67, $4.16, $3.67
07/31/2019, $3.68, 16218, $3.71, $3.9, $3.68
07/30/2019, $3.69, 5683, $3.65, $3.8, $3.6
07/29/2019, $3.67, 11969, $3.78, $3.8, $3.64
07/26/2019, $3.68, 2537, $3.78, $3.78, $3.6
07/25/2019, $3.62, 482, $3.54, $3.7, $3.54
07/24/2019, $3.6, 1902, $3.6915, $3.6915, $3.585
07/23/2019, $3.71, 14556, $3.538, $3.79, $3.53
07/22/2019, $3.65, 4149, $3.69, $3.74, $3.595
07/19/2019, $3.7556, 902, $3.67, $3.7556, $3.57
07/18/2019, $3.64, 9657, $3.58, $3.66, $3.52
07/17/2019, $3.65, 10958, $3.681, $3.78, $3.65
07/16/2019, $3.72, 8976, $3.54, $3.72, $3.54
07/15/2019, $3.65, 6226, $3.71, $3.72, $3.5571
07/12/2019, $3.73, 20439, $3.66, $3.8, $3.61
07/11/2019, $3.63, 13402, $3.46, $3.69, $3.45
07/10/2019, $3.51, 3714, $3.42, $3.59, $3.42
07/09/2019, $3.6, 19535, $3.64, $3.64, $3.4354
07/08/2019, $3.66, 9150, $3.68, $3.69, $3.6
07/05/2019, $3.7, 7994, $3.64, $3.7, $3.635
07/03/2019, $3.71, 18742, $3.63, $3.8, $3.36
07/02/2019, $3.75, 36411, $3.67, $3.79, $3.52
07/01/2019, $3.68, 35005, $3.42, $3.75, $3.41
06/28/2019, $3.43, 40186, $3.31, $3.49, $3.2663
06/27/2019, $3.4, 34796, $3.09, $3.4, $3.05
06/26/2019, $3.11, 82798, $3.29, $3.45, $3.11
06/25/2019, $3.3, 52393, $3.43, $3.54, $3.2
06/24/2019, $3.29, 143971, $3.228, $3.79, $3.2
06/21/2019, $3.3, 136051, $3.34, $3.82, $3.2
06/20/2019, $3.35, 61878, $3.41, $3.5, $3.27
06/19/2019, $3.38, 87787, $3.31, $3.46, $3.14
06/18/2019, $3.31, 108505, $3.36, $3.5, $3.09
06/17/2019, $3.33, 145254, $3.24, $3.48, $2.89
06/14/2019, $3.28, 23305, $3.35, $3.35, $3.21
06/13/2019, $3.38, 1160, $3.38, $3.38, $3.2866
06/12/2019, $3.38, 68128, $3.33, $3.39, $3.2
06/11/2019, $3.37, 4111, $3.29, $3.47, $3.26
06/10/2019, $3.24, 15889, $3.43, $3.44, $3.2
06/07/2019, $3.43, 1545, $3.33, $3.43, $3.31
06/06/2019, $3.29, 1407, $3.27, $3.4, $3.27
06/05/2019, $3.27, 54538, $3.35, $3.49, $3.12
06/04/2019, $3.375, 5809, $3.4549, $3.4549, $3.29
06/03/2019, $3.35, 3502, $3.47, $3.47, $3.3198
05/31/2019, $3.39, 16808, $3.39, $3.44, $3.27
05/30/2019, $3.38, 21652, $3.27, $3.42, $3.21
05/29/2019, $3.323, 17595, $3.33, $3.38, $3.215
05/28/2019, $3.31, 19609, $3.39, $3.52, $3.31
05/24/2019, $3.31, 13960, $3.36, $3.45, $3.31
05/23/2019, $3.38, 10947, $3.48, $3.51, $3.31
05/22/2019, $3.475, 45338, $3.46, $3.65, $3.31
05/21/2019, $3.48, 17299, $3.58, $3.692, $3.48
05/20/2019, $3.53, 17129, $3.49, $3.57, $3.41
05/17/2019, $3.4, 13942, $3.4, $3.5227, $3.301
05/16/2019, $3.42, 39376, $3.49, $3.6, $3.42
05/15/2019, $3.5, 22650, $3.52, $3.64, $3.5
05/14/2019, $3.5, 29481, $3.46, $3.66, $3.29
05/13/2019, $3.5, 93842, $3.23, $3.58, $3.23
05/10/2019, $3.35, 37058, $3.23, $3.45, $3.2
05/09/2019, $3.26, 3802, $3.4736, $3.4736, $3.25
05/08/2019, $3.35, 10420, $3.24, $3.37, $3.24
05/07/2019, $3.31, 5595, $3.44, $3.45, $3.31
05/06/2019, $3.4, 12860, $3.4889, $3.4889, $3.37
05/03/2019, $3.48, 6622, $3.335, $3.48, $3.3128
05/02/2019, $3.36, 900, $3.44, $3.44, $3.34
05/01/2019, $3.41, 17190, $3.43, $3.43, $3.2
04/30/2019, $3.39, 16804, $3.4, $3.4233, $3.3162
04/29/2019, $3.42, 31606, $3.403, $3.43, $3.38
04/26/2019, $3.41, 1928, $3.49, $3.49, $3.41
04/25/2019, $3.47, 9804, $3.5029, $3.5029, $3.4
04/24/2019, $3.51, 11554, $3.27, $3.52, $3.1859
04/23/2019, $3.15, 10237, $3.35, $3.44, $3.11
04/22/2019, $3.42, 21759, $3.43, $3.43, $3.33
04/18/2019, $3.5, 11689, $3.3293, $3.5, $3.3293
04/17/2019, $3.43, 19702, $3.52, $3.52, $3.43
04/16/2019, $3.47, 3052, $3.47, $3.53, $3.47
04/15/2019, $3.47, 7086, $3.5, $3.53, $3.47
04/12/2019, $3.47, 5096, $3.49, $3.52, $3.4546
04/11/2019, $3.5, 1882, $3.53, $3.54, $3.45
04/10/2019, $3.45, 22690, $3.45, $3.49, $3.399
04/09/2019, $3.45, 21374, $3.4, $3.45, $3.29
04/08/2019, $3.45, 4740, $3.44, $3.45, $3.34
04/05/2019, $3.46, 1167, $3.44, $3.48, $3.42
04/04/2019, $3.46, 5125, $3.33, $3.48, $3.33
04/03/2019, $3.42, 9142, $3.3201, $3.4399, $3.32
04/02/2019, $3.44, 10486, $3.48, $3.48, $3.41
04/01/2019, $3.48, 13982, $3.43, $3.5, $3.4
03/29/2019, $3.41, 9876, $3.44, $3.44, $3.3772
03/28/2019, $3.41, 7251, $3.45, $3.47, $3.35
03/27/2019, $3.39, 35718, $3.27, $3.5, $3.26
03/26/2019, $3.2999, 8589, $3.18, $3.32, $3.18
03/25/2019, $3.3, 26672, $3.2, $3.3, $2.88
03/22/2019, $3.21, 3819, $3.27, $3.28, $3.17
03/21/2019, $3.24, 10239, $3.3, $3.3, $3.24
03/20/2019, $3.41, 3428, $3.38, $3.48, $3.38
03/19/2019, $3.43, 20705, $3.17, $3.46, $3.14
03/18/2019, $3.26, 12148, $3.3, $3.3, $3.195
03/15/2019, $3.32, 54576, $3.015, $3.32, $2.8499
03/14/2019, $3.03, 9371, $3.14, $3.18, $3.03
03/13/2019, $3.25, 11787, $3.22, $3.32, $3.1274
03/12/2019, $3.25, 36446, $3.37, $3.37, $3.17
03/11/2019, $3.46, 4384, $3.35, $3.55, $3.35
03/08/2019, $3.44, 13558, $3.38, $3.5, $3.35
03/07/2019, $3.38, 5301, $3.39, $3.505, $3.36
03/06/2019, $3.51, 4736, $3.4512, $3.56, $3.4512
03/05/2019, $3.54, 17059, $3.45, $3.6, $3.35
03/04/2019, $3.42, 18399, $3.51, $3.51, $3.4001
03/01/2019, $3.56, 27319, $3.55, $3.6, $3.5
02/28/2019, $3.49, 5888, $3.48, $3.53, $3.37
02/27/2019, $3.5, 13498, $3.41, $3.5, $3.365
02/26/2019, $3.43, 19410, $3.54, $3.55, $3.42
02/25/2019, $3.5, 6499, $3.49, $3.5384, $3.46
02/22/2019, $3.45, 6769, $3.6239, $3.6239, $3.45
02/21/2019, $3.485, 3544, $3.39, $3.55, $3.39
02/20/2019, $3.4, 11556, $3.57, $3.68, $3.38
02/19/2019, $3.56, 30098, $3.55, $3.7, $3.51
02/15/2019, $3.49, 19024, $3.57, $3.57, $3.47
02/14/2019, $3.47, 31932, $3.51, $3.55, $3.3782
02/13/2019, $3.51, 35425, $3.45, $3.55, $3.41
02/12/2019, $3.48, 11209, $3.42, $3.49, $3.407
02/11/2019, $3.45, 29980, $3.5, $3.55, $3.435
02/08/2019, $3.5, 37048, $3.37, $3.55, $3.37
02/07/2019, $3.45, 26481, $3.31, $3.45, $3.29
02/06/2019, $3.44, 68190, $3.5, $3.5, $3.28
02/05/2019, $3.4599, 38899, $3.5, $3.68, $3.3011
02/04/2019, $3.47, 17466, $3.43, $3.5, $3.43
02/01/2019, $3.43, 39749, $3.403, $3.5, $3.22
01/31/2019, $3.42, 88929, $3.27, $3.7, $3.205
01/30/2019, $3.3, 75857, $3.7, $3.7, $3.23
01/29/2019, $3.73, 12172, $3.72, $3.84, $3.69
01/28/2019, $3.74, 22358, $3.8, $3.92, $3.65
01/25/2019, $3.9, 26387, $3.83, $3.93, $3.76
01/24/2019, $3.77, 17948, $3.83, $3.98, $3.71
01/23/2019, $3.87, 20931, $3.95, $4.02, $3.7907
01/22/2019, $3.93, 42395, $3.9, $4.01, $3.9
01/18/2019, $3.85, 77442, $3.75, $4.03, $3.75
01/17/2019, $3.83, 71223, $4.1, $4.15, $3.58
01/16/2019, $4.06, 68957, $4, $4.2, $3.982
01/15/2019, $3.91, 33559, $3.92, $4, $3.8496
01/14/2019, $3.87, 7482, $3.83, $3.97, $3.7788
01/11/2019, $3.82, 23108, $3.953, $3.99, $3.79
01/10/2019, $3.85, 20009, $3.78, $3.9, $3.75
01/09/2019, $3.77, 67929, $3.57, $3.9994, $3.5562
01/08/2019, $3.66, 46298, $3.91, $4.08, $3.66
01/07/2019, $3.91, 64920, $3.77, $4.05, $3.77
01/04/2019, $3.78, 51305, $3.8, $3.91, $3.7201
01/03/2019, $3.68, 23673, $3.86, $3.93, $3.68
01/02/2019, $3.79, 84070, $3.73, $3.905, $3.6615
12/31/2018, $3.65, 47126, $3.76, $3.84, $3.59
12/28/2018, $3.69, 43047, $3.52, $3.76, $3.45
12/27/2018, $3.57, 57489, $3.38, $3.7289, $3.38
12/26/2018, $3.46, 68516, $3.45, $3.5, $3.3412
12/24/2018, $3.45, 30254, $3.39, $3.485, $3.3228
12/21/2018, $3.38, 104302, $3.4916, $3.4916, $3.25
12/20/2018, $3.36, 203079, $3.17, $3.44, $3.17
12/19/2018, $3.18, 14189, $3.16, $3.28, $3.07
12/18/2018, $3.12, 13021, $3.14, $3.28, $3.12
12/17/2018, $3.14, 26542, $3.18, $3.21, $3.0658
12/14/2018, $3.14, 7018, $3.2, $3.23, $3.13
12/13/2018, $3.18, 13932, $3.19, $3.21, $3.13
12/12/2018, $3.155, 16019, $3.2, $3.25, $3.13
12/11/2018, $3.2, 31628, $3.16, $3.3, $3.15
12/10/2018, $3.14, 23235, $3.04, $3.19, $3.04
12/07/2018, $3.05, 22194, $3.05, $3.21, $3.02
12/06/2018, $3.03, 44799, $3.15, $3.27, $2.94
12/04/2018, $3.14, 16636, $3.29, $3.4, $3.03
12/03/2018, $3.33, 28234, $3.2, $3.38, $3.2
11/30/2018, $3.22, 71032, $3.1, $3.89, $2.98
11/29/2018, $2.8, 10371, $2.86, $3.08, $2.8
11/28/2018, $2.77, 9974, $2.7089, $2.9, $2.7089
11/27/2018, $2.75, 5617, $2.76, $2.8061, $2.74
11/26/2018, $2.76, 13119, $2.78, $2.83, $2.76
11/23/2018, $2.76, 3409, $2.76, $2.86, $2.75
11/21/2018, $2.79, 11508, $2.79, $2.86, $2.69
11/20/2018, $2.75, 10770, $2.63, $2.82, $2.62
11/19/2018, $2.68, 2589, $2.64, $2.73, $2.6136
11/16/2018, $2.61, 8835, $2.623, $2.7, $2.61
11/15/2018, $2.65, 4178, $2.68, $2.73, $2.6288
11/14/2018, $2.63, 10631, $2.75, $2.75, $2.63
11/13/2018, $2.74, 29015, $2.78, $2.85, $2.74
11/12/2018, $2.78, 21980, $2.77, $2.83, $2.7363
11/09/2018, $2.75, 13037, $2.76, $2.79, $2.6913
11/08/2018, $2.75, 14129, $2.695, $2.78, $2.66
11/07/2018, $2.68, 44009, $2.66, $2.715, $2.66
11/06/2018, $2.65, 3929, $2.637, $2.65, $2.62
11/05/2018, $2.64, 9672, $2.6, $2.65, $2.6
11/02/2018, $2.61, 7239, $2.669, $2.68, $2.6
11/01/2018, $2.63, 1609, $2.65, $2.6973, $2.61
10/31/2018, $2.63, 2616, $2.64, $2.65, $2.61
10/30/2018, $2.62, 4612, $2.649, $2.65, $2.61
10/29/2018, $2.61, 11185, $2.7, $2.7, $2.61
10/26/2018, $2.61, 1881, $2.67, $2.68, $2.61
10/25/2018, $2.69, 45203, $2.48, $2.795, $2.34
10/24/2018, $2.51, 1109527, $2.45, $2.6689, $2.45
10/23/2018, $2.4, 5566, $2.42, $2.4699, $2.4
10/22/2018, $2.4, 714, $2.49, $2.49, $2.4
10/19/2018, $2.43, 10192, $2.4, $2.45, $2.4
10/18/2018, $2.46, 6329, $2.5155, $2.5155, $2.38
10/17/2018, $2.5, 8315, $2.5225, $2.6444, $2.39
10/16/2018, $2.65, 26509, $1.86, $2.66, $1.86
10/15/2018, $2.57, 13846, $2.51, $2.65, $2.51
10/12/2018, $2.48, 2241, $2.49, $2.58, $2.46
10/11/2018, $2.48, 13793, $2.6, $2.6, $2.46
10/10/2018, $2.55, 45724, $2.53, $2.7, $2.49
10/09/2018, $2.61, 6496, $2.59, $2.67, $2.54
10/08/2018, $2.59, 1876, $2.53, $2.65, $2.53
10/05/2018, $2.64, 35081, $2.59, $2.665, $2.51
10/04/2018, $2.6, 10780, $2.681, $2.69, $2.56
10/03/2018, $2.68, 19909, $2.779, $2.779, $2.655
10/02/2018, $2.82, 18586, $2.63, $2.86, $2.615
10/01/2018, $2.65, 13194, $2.65, $2.85, $2.58
09/28/2018, $2.66, 106261, $2.59, $2.6822, $2.49
09/27/2018, $2.73, 4856, $2.72, $2.75, $2.6123
09/26/2018, $2.74, 2684, $2.81, $2.81, $2.67
09/25/2018, $2.78, 472, $2.76, $2.78, $2.76
09/24/2018, $2.79, 19676, $2.69, $2.85, $2.63
09/21/2018, $2.65, 49414, $2.64, $2.71, $2.62
09/20/2018, $2.65, 48817, $2.8, $2.8, $2.5701
09/19/2018, $2.7, 39591, $2.798, $2.798, $2.62
09/18/2018, $2.7, 6439, $2.6, $2.84, $2.6
09/17/2018, $2.73, 5952, $2.72, $2.78, $2.6
09/14/2018, $2.69, 13371, $2.76, $2.87, $2.69
09/13/2018, $2.74, 11218, $2.718, $2.82, $2.65
09/12/2018, $2.695, 1575, $2.67, $2.77, $2.66
09/11/2018, $2.69, 15545, $2.75, $2.78, $2.65
09/10/2018, $2.68, 13014, $2.68, $2.7733, $2.65
09/07/2018, $2.7, 3832, $2.65, $2.74, $2.65
09/06/2018, $2.71, 8326, $2.82, $2.82, $2.6548
09/05/2018, $2.73, 22781, $2.65, $2.76, $2.65
09/04/2018, $2.71, 11427, $2.65, $2.72, $2.65
08/31/2018, $2.72, 12466, $2.771, $2.805, $2.68
08/30/2018, $2.75, 12385, $2.84, $2.84, $2.6748
08/29/2018, $2.84, 43772, $2.74, $2.89, $2.74
08/28/2018, $2.72, 4301, $2.73, $2.8852, $2.7
08/27/2018, $2.7, 18734, $2.88, $2.88, $2.69
08/24/2018, $2.8, 15637, $2.7, $2.83, $2.7
08/23/2018, $2.72, 17210, $2.7, $2.75, $2.69
08/22/2018, $2.69, 28311, $2.75, $2.82, $2.6599
08/21/2018, $2.65, 21850, $2.6, $2.72, $2.56
08/20/2018, $2.63, 43393, $2.53, $2.7, $2.53
08/17/2018, $2.54, 41967, $2.6, $2.68, $2.44
08/16/2018, $2.65, 25461, $2.68, $2.775, $2.65
08/15/2018, $2.68, 28494, $2.8, $2.86, $2.65
08/14/2018, $2.74, 20288, $2.8345, $2.8345, $2.74
08/13/2018, $2.77, 8513, $2.71, $2.8, $2.71
08/10/2018, $2.7, 23482, $2.72, $2.7801, $2.7
08/09/2018, $2.74, 35195, $2.8, $2.8399, $2.7091
08/08/2018, $2.78, 40644, $3.1739, $3.1739, $2.73
08/07/2018, $3.09, 10399, $3.03, $3.27, $3.02
08/06/2018, $3.2, 4433, $3.34, $3.34, $3.2
08/03/2018, $3.21, 17189, $3.23, $3.32, $3.11
08/02/2018, $3.23, 9613, $3.3, $3.31, $3.2
08/01/2018, $3.21, 182852, $3.23, $3.33, $3.1504
07/31/2018, $3.25, 15393, $3.22, $3.3, $3.2
07/30/2018, $3.225, 10791, $3.24, $3.24, $3.21
07/27/2018, $3.2, 28100, $3.25, $3.3341, $2.86
07/26/2018, $3.19, 25122, $3.156, $3.3, $3.15
07/25/2018, $3.2, 17766, $3.15, $3.3, $3.13
07/24/2018, $3.17, 23965, $3.33, $3.36, $3.11
07/23/2018, $3.28, 36220, $3.31, $3.44, $3.25
07/20/2018, $3.28, 30843, $3.3, $3.401, $3.26
07/19/2018, $3.33, 42647, $3.428, $3.44, $3.33
07/18/2018, $3.35, 29434, $3.38, $3.4189, $3.3205
07/17/2018, $3.35, 23932, $3.35, $3.41, $3.35
07/16/2018, $3.35, 27061, $3.39, $3.41, $3.3
07/13/2018, $3.35, 33350, $3.33, $3.41, $3.3
07/12/2018, $3.28, 50122, $3.32, $3.39, $3.2111
07/11/2018, $3.24, 64695, $3.28, $3.3949, $3.22
07/10/2018, $3.25, 40892, $3.211, $3.37, $3.211
07/09/2018, $3.19, 127188, $3.15, $3.24, $3.125
07/06/2018, $3.18, 81185, $3.12, $3.22, $3.1
07/05/2018, $3.13, 17268, $3.109, $3.23, $3.09
07/03/2018, $3.24, 8049, $3.08, $3.25, $3.08
07/02/2018, $3.17, 8336, $3.12, $3.19, $3.1107
06/29/2018, $3.15, 15130, $3.5, $3.5, $3.06
06/28/2018, $3.1404, 3359, $3.15, $3.19, $3.05
06/27/2018, $3.19, 13812, $3.07, $3.19, $2.94
06/26/2018, $2.98, 2585, $3.15, $3.15, $2.93
06/25/2018, $3.01, 15434, $2.98, $3.0727, $2.8593
06/22/2018, $3.12, 29401, $2.95, $3.15, $2.8432
06/21/2018, $3.02, 5169, $3.16, $3.16, $2.97
06/20/2018, $3.11, 4837, $3.15, $3.22, $3.07
06/19/2018, $3.13, 18648, $3.15, $3.23, $3
06/18/2018, $3.12, 24139, $3, $3.12, $2.9
06/15/2018, $2.97, 22455, $3.12, $3.14, $2.93
06/14/2018, $3.03, 9060, $3.1, $3.1, $3.01
06/13/2018, $3.05, 11437, $3.1, $3.1, $3.01
06/12/2018, $3.03, 26217, $3.21, $3.21, $2.8509
06/11/2018, $3.05, 22327, $3.18, $3.21, $3.035
06/08/2018, $3.11, 22261, $3.17, $3.31, $3.1
06/07/2018, $3.15, 13702, $3.05, $3.27, $3.05
06/06/2018, $3.02, 19162, $3.11, $3.22, $3.02
06/05/2018, $3.13, 14390, $3.15, $3.15, $3.05
06/04/2018, $3.14, 11848, $3.23, $3.25, $3.14
06/01/2018, $3.14, 12788, $3.23, $3.23, $3.13
05/31/2018, $3.13, 45322, $3.07, $3.25, $3.065
05/30/2018, $3.07, 25369, $3.13, $3.13, $3.015
05/29/2018, $3.1, 3889, $3.03, $3.13, $3.03
05/25/2018, $3.05, 11593, $3.04, $3.1264, $3
05/24/2018, $3.14, 12114, $2.97, $3.1566, $2.95
05/23/2018, $3, 4545, $2.88, $3.13, $2.88
05/22/2018, $3.03, 3680, $3.02, $3.06, $2.96
05/21/2018, $3.04, 2859, $3.07, $3.23, $3.04
05/18/2018, $3.1, 7468, $3.068, $3.13, $3.03
05/17/2018, $3.13, 21460, $3.15, $3.189, $3.0401
05/16/2018, $3.12, 23483, $3.13, $3.17, $3.03
05/15/2018, $3.02, 3040, $3.11, $3.12, $2.98
05/14/2018, $3.1, 9528, $3.05, $3.15, $3.05
05/11/2018, $3.02, 5478, $3.05, $3.06, $2.97
05/10/2018, $3, 20630, $2.96, $3.03, $2.88
05/09/2018, $2.98, 11699, $3.08, $3.12, $2.9783
05/08/2018, $3.06, 3701, $3.11, $3.1163, $3.03
05/07/2018, $3.13, 14030, $3.11, $3.18, $3.1
05/04/2018, $3.11, 15727, $3, $3.16, $2.9751
05/03/2018, $3.14, 16486, $3.1, $3.18, $3.01
05/02/2018, $3.12, 14512, $3.11, $3.25, $3.08
05/01/2018, $3.12, 12288, $3.11, $3.14, $3.03
04/30/2018, $3.13, 2391, $3.15, $3.19, $3.1
04/27/2018, $3.09, 7956, $3.05, $3.1, $3.01
04/26/2018, $3.09, 7713, $3.04, $3.15, $3.03
04/25/2018, $3.1, 24770, $2.98, $3.11, $2.96
04/24/2018, $3.03, 10123, $2.95, $3.0392, $2.92
04/23/2018, $3.01, 5844, $2.97, $3.0392, $2.96
04/20/2018, $3.02, 7211, $2.98, $3.12, $2.98
04/19/2018, $3.05, 10855, $3.13, $3.13, $2.98
04/18/2018, $3.07, 6742, $3.11, $3.15, $3.068
04/17/2018, $3.11, 7050, $3.19, $3.19, $3.11
04/16/2018, $3.12, 7804, $3.05, $3.17, $3.05
04/13/2018, $3.1, 11264, $3.1, $3.15, $3.08
04/12/2018, $3.13, 15284, $3.08, $3.15, $3.07
04/11/2018, $3.06, 17756, $3.04, $3.07, $3.02
04/10/2018, $3.07, 289258, $3.04, $3.07, $2.98
04/09/2018, $3.07, 20835, $2.97, $3.1, $2.94
04/06/2018, $2.99, 23593, $3.06, $3.06, $2.97
04/05/2018, $3, 9854, $2.93, $3.059, $2.91
04/04/2018, $2.91, 13457, $2.89, $3.03, $2.87
04/03/2018, $2.88, 26495, $2.92, $2.99, $2.85
04/02/2018, $2.94, 16206, $2.94, $3, $2.861
03/29/2018, $2.94, 22803, $2.99, $2.99, $2.9
03/28/2018, $2.89, 392833, $2.99, $3.03, $2.85
03/27/2018, $2.97, 271183, $2.98, $3.04, $2.9111
03/26/2018, $2.96, 89390, $2.93, $3, $2.91
03/23/2018, $2.9, 127431, $2.66, $3.01, $2.66
03/22/2018, $2.72, 14679, $2.67, $2.75, $2.67
03/21/2018, $2.69, 12699, $2.66, $2.75, $2.63
03/20/2018, $2.68, 10666, $2.69, $2.69, $2.65
03/19/2018, $2.68, 12016, $2.6118, $2.7, $2.6118
03/16/2018, $2.66, 116698, $2.65, $2.73, $2.6
03/15/2018, $2.68, 13356, $2.73, $2.78, $2.67
03/14/2018, $2.7, 56483, $2.66, $2.7536, $2.66
03/13/2018, $2.71, 26832, $2.76, $2.76, $2.64
03/12/2018, $2.68, 43531, $2.6, $2.74, $2.46
03/09/2018, $2.56, 17579, $2.65, $2.6638, $2.53
03/08/2018, $2.63, 31120, $2.55, $2.69, $2.48
03/07/2018, $2.53, 33480, $2.63, $2.67, $2.49
03/06/2018, $2.66, 7830, $2.653, $2.7, $2.61
03/05/2018, $2.69, 27504, $2.64, $2.78, $2.58
03/02/2018, $2.63, 36088, $2.66, $2.68, $2.46
03/01/2018, $2.69, 28970, $2.74, $2.76, $2.69
02/28/2018, $2.7, 18537, $2.71, $2.74, $2.7
02/27/2018, $2.7, 5501, $2.7, $2.75, $2.7
02/26/2018, $2.71, 17459, $2.61, $2.7473, $2.61
02/23/2018, $2.63, 6676, $2.59, $2.65, $2.52
02/22/2018, $2.6, 2690, $2.61, $2.64, $2.59
02/21/2018, $2.62, 10823, $2.62, $2.65, $2.62
02/20/2018, $2.59, 11635, $2.64, $2.65, $2.56
02/16/2018, $2.64, 28429, $2.57, $2.65, $2.57
02/15/2018, $2.59, 27081, $2.561, $2.65, $2.56
02/14/2018, $2.6, 8108, $2.63, $2.63, $2.54
02/13/2018, $2.6, 7921, $2.65, $2.65, $2.6
02/12/2018, $2.63, 9604, $2.78, $2.79, $2.58
02/09/2018, $2.73, 66774, $2.42, $2.76, $2.3333
02/08/2018, $2.59, 35980, $2.47, $2.6, $2.41
02/07/2018, $2.53, 6475, $2.71, $2.71, $2.5
02/06/2018, $2.65, 37821, $2.64, $2.69, $2.5862
02/05/2018, $2.69, 26786, $2.7, $2.7, $2.475
02/02/2018, $2.72, 63894, $2.77, $2.78, $2.55
02/01/2018, $2.74, 17895, $2.77, $2.79, $2.69
01/31/2018, $2.78, 34826, $2.7, $2.78, $2.62
01/30/2018, $2.67, 42343, $2.75, $2.75, $2.6
01/29/2018, $2.73, 41829, $2.8, $2.8, $2.645
01/26/2018, $2.81, 26252, $2.804, $2.81, $2.72
01/25/2018, $2.78, 26599, $2.65, $2.78, $2.5999
01/24/2018, $2.66, 14087, $2.605, $2.68, $2.55
01/23/2018, $2.62, 33865, $2.59, $2.65, $2.4584
01/22/2018, $2.6, 13043, $2.51, $2.6, $2.46
01/19/2018, $2.56, 5268, $2.58, $2.61, $2.46
01/18/2018, $2.54, 30397, $2.5914, $2.5914, $2.5
01/17/2018, $2.56, 43381, $2.58, $2.61, $2.48
01/16/2018, $2.61, 34012, $2.67, $2.7899, $2.6
01/12/2018, $2.57, 6516, $2.588, $2.63, $2.525
01/11/2018, $2.61, 10988, $2.57, $2.63, $2.53
01/10/2018, $2.6, 39884, $2.63, $2.66, $2.51
01/09/2018, $2.53, 8578, $2.49, $2.55, $2.4885
01/08/2018, $2.51, 46004, $2.449, $2.62, $2.35
01/05/2018, $2.47, 10408, $2.27, $2.49, $2.26
01/04/2018, $2.28, 54933, $2.41, $2.41, $2.21
01/03/2018, $2.38, 4545, $2.4, $2.41, $2.37
01/02/2018, $2.38, 20812, $2.35, $2.47, $2.342
12/29/2017, $2.4, 10892, $2.45, $2.5, $2.39
12/28/2017, $2.46, 18623, $2.5, $2.51, $2.42
12/27/2017, $2.51, 12066, $2.46, $2.54, $2.45
12/26/2017, $2.5, 41843, $2.55, $2.5762, $2.47
12/22/2017, $2.56, 7309, $2.6, $2.62, $2.55
12/21/2017, $2.58, 14751, $2.55, $2.7, $2.55
12/20/2017, $2.57, 25270, $2.63, $2.68, $2.53
12/19/2017, $2.6, 19025, $2.56, $2.62, $2.55
12/18/2017, $2.53, 102841, $2.46, $2.57, $2.45
12/15/2017, $2.46, 79041, $2.51, $2.59, $2.45
12/14/2017, $2.5, 85315, $2.5, $2.6, $2.5
12/13/2017, $2.55, 105536, $2.585, $2.6362, $2.5314
12/12/2017, $2.55, 80181, $2.66, $2.67, $2.5
12/11/2017, $2.59, 38345, $2.64, $2.7, $2.53
12/08/2017, $2.66, 114083, $2.52, $2.739, $2.52
12/07/2017, $2.58, 55307, $2.6, $2.65, $2.57
12/06/2017, $2.67, 40603, $2.805, $2.86, $2.6573
12/05/2017, $2.85, 128988, $2.88, $2.9, $2.67
12/04/2017, $2.9, 108489, $2.88, $3.02, $2.87
12/01/2017, $2.87, 222091, $3.45, $3.45, $2.59
11/30/2017, $3.68, 29479, $3.68, $3.7499, $3.67
11/29/2017, $3.65, 33962, $3.54, $3.65, $3.451
11/28/2017, $3.5, 13812, $3.397, $3.51, $3.33
11/27/2017, $3.36, 7612, $3.47, $3.51, $3.33
11/24/2017, $3.51, 3996, $3.5, $3.51, $3.5
11/22/2017, $3.51, 5530, $3.5, $3.5899, $3.5
11/21/2017, $3.47, 30779, $3.53, $3.54, $3.4658
11/20/2017, $3.5, 7847, $3.6, $3.6, $3.5
11/17/2017, $3.59, 25398, $3.59, $3.6501, $3.5806
11/16/2017, $3.58, 15232, $3.59, $3.7, $3.58
11/15/2017, $3.67, 33063, $3.56, $3.68, $3.51
11/14/2017, $3.52, 12347, $3.57, $3.57, $3.5
11/13/2017, $3.5, 8370, $3.53, $3.58, $3.5
11/10/2017, $3.5, 10304, $3.53, $3.6, $3.5
11/09/2017, $3.5, 45869, $3.4298, $3.53, $3.4298
11/08/2017, $3.45, 68752, $3.42, $3.469, $3.4
11/07/2017, $3.44, 23680, $3.41, $3.443, $3.4
11/06/2017, $3.4, 7687, $3.39, $3.42, $3.35
11/03/2017, $3.35, 18173, $3.4005, $3.4005, $3.35
11/02/2017, $3.35, 16842, $3.41, $3.41, $3.26
11/01/2017, $3.37, 24103, $3.35, $3.41, $3.285
10/31/2017, $3.33, 3202, $3.228, $3.34, $3.21
10/30/2017, $3.2, 2696, $3.25, $3.28, $3.2
10/27/2017, $3.21, 15229, $3.16, $3.27, $3.16
10/26/2017, $3.2, 14693, $3.12, $3.24, $3.1
10/25/2017, $3.15, 17259, $3.15, $3.2, $3.15
10/24/2017, $3.19, 36230, $3.25, $3.25, $3.15
10/23/2017, $3.28, 4563, $3.36, $3.36, $3.26
10/20/2017, $3.32, 3233, $3.25, $3.41, $3.25
10/19/2017, $3.31, 22072, $3.21, $3.34, $3.17
10/18/2017, $3.26, 13843, $3.38, $3.385, $3.21
10/17/2017, $3.35, 9934, $3.45, $3.45, $3.28
10/16/2017, $3.48, 23833, $3.29, $3.51, $3.225
10/13/2017, $3.25, 11495, $3.345, $3.345, $3.18
10/12/2017, $3.28, 14365, $3.29, $3.39, $3.24
10/11/2017, $3.36, 13818, $3.38, $3.44, $3.28
10/10/2017, $3.32, 3426, $3.2835, $3.38, $3.2835
10/09/2017, $3.33, 2660, $3.36, $3.42, $3.32
10/06/2017, $3.36, 10801, $3.4, $3.48, $3.36
10/05/2017, $3.39, 2080, $3.44, $3.44, $3.37
10/04/2017, $3.38, 39880, $3.48, $3.53, $3.3477
10/03/2017, $3.51, 20583, $3.54, $3.54, $3.4501
10/02/2017, $3.47, 11968, $3.5, $3.52, $3.46
09/29/2017, $3.47, 5239, $3.52, $3.52, $3.45
09/28/2017, $3.45, 12521, $3.43, $3.49, $3.37
09/27/2017, $3.42, 21004, $3.35, $3.5, $3.34
09/26/2017, $3.37, 24342, $3.11, $3.37, $3.11
09/25/2017, $3.13, 34482, $3.14, $3.21, $3.08
09/22/2017, $3.16, 20772, $3.15, $3.29, $3.1
09/21/2017, $3.22, 12233, $3.26, $3.26, $3.16
09/20/2017, $3.25, 16404, $3.4, $3.4, $3.22
09/19/2017, $3.34, 31837, $3.28, $3.38, $3.19
09/18/2017, $3.31, 14595, $3.27, $3.36, $3.27
09/15/2017, $3.31, 27107, $3.33, $3.4, $3.27
09/14/2017, $3.32, 21681, $3.4, $3.4, $3.27
09/13/2017, $3.39, 39018, $3.35, $3.4, $3.31
09/12/2017, $3.33, 18350, $3.472, $3.5, $3.28
09/11/2017, $3.44, 18993, $3.56, $3.57, $3.43
09/08/2017, $3.55, 4705, $3.69, $3.7, $3.54
09/07/2017, $3.62, 17944, $3.5, $3.65, $3.5
09/06/2017, $3.56, 46295, $3.59, $3.59, $3.47
09/05/2017, $3.57, 11731, $3.47, $3.62, $3.41
09/01/2017, $3.5, 21832, $3.56, $3.58, $3.5
08/31/2017, $3.54, 17917, $3.59, $3.59, $3.54
08/30/2017, $3.58, 9675, $3.58, $3.61, $3.47
08/29/2017, $3.51, 15007, $3.47, $3.6, $3.43
08/28/2017, $3.44, 29751, $3.49, $3.49, $3.4
08/25/2017, $3.53, 6855, $3.54, $3.55, $3.45
08/24/2017, $3.5, 11097, $3.55, $3.5699, $3.42
08/23/2017, $3.58, 10678, $3.58, $3.67, $3.55
08/22/2017, $3.59, 26828, $3.45, $3.61, $3.33
08/21/2017, $3.42, 21431, $3.42, $3.48, $3.35
08/18/2017, $3.44, 9122, $3.44, $3.49, $3.4
08/17/2017, $3.47, 30840, $3.51, $3.53, $3.4201
08/16/2017, $3.51, 18146, $3.44, $3.52, $3.42
08/15/2017, $3.42, 38212, $3.42, $3.44, $3.29
08/14/2017, $3.34, 13043, $3.48, $3.48, $3.33
08/11/2017, $3.42, 16620, $3.41, $3.47, $3.36
08/10/2017, $3.48, 19771, $3.48, $3.505, $3.46
08/09/2017, $3.52, 35452, $3.51, $3.58, $3.48
08/08/2017, $3.53, 11000, $3.6, $3.61, $3.51
08/07/2017, $3.6, 153471, $3.7, $3.72, $3.56
08/04/2017, $3.7, 62003, $3.62, $3.78, $3.61
08/03/2017, $3.63, 20512, $3.65, $3.65, $3.58
08/02/2017, $3.645, 32466, $3.68, $3.68, $3.55
08/01/2017, $3.64, 41736, $3.55, $3.68, $3.48
07/31/2017, $3.56, 28734, $3.55, $3.7, $3.501
07/28/2017, $3.57, 47623, $3.54, $3.59, $3.535
07/27/2017, $3.57, 38032, $3.58, $3.5964, $3.52
07/26/2017, $3.57, 19378, $3.64, $3.67, $3.57
07/25/2017, $3.64, 61744, $3.7, $3.74, $3.48
07/24/2017, $3.68, 77398, $3.69, $3.72, $3.66
07/21/2017, $3.69, 59276, $3.7, $3.7, $3.6571
07/20/2017, $3.67, 21729, $3.68, $3.7, $3.65
07/19/2017, $3.68, 59823, $3.6, $3.71, $3.6
07/18/2017, $3.59, 95007, $3.62, $3.63, $3.54
07/17/2017, $3.62, 150193, $3.65, $3.67, $3.58
07/14/2017, $3.63, 49231, $3.6, $3.73, $3.6
07/13/2017, $3.56, 229788, $3.53, $3.615, $3.49
07/12/2017, $3.53, 29589, $3.6, $3.6, $3.51
07/11/2017, $3.58, 14048, $3.6, $3.6, $3.58
07/10/2017, $3.57, 31336, $3.58, $3.6, $3.54
07/07/2017, $3.56, 135775, $3.59, $3.6, $3.51
07/06/2017, $3.59, 25790, $3.57, $3.59, $3.53
07/05/2017, $3.57, 10765, $3.614, $3.62, $3.56
07/03/2017, $3.6, 37396, $3.59, $3.66, $3.56
06/30/2017, $3.57, 96624, $3.6, $3.61, $3.5253
06/29/2017, $3.6, 17602, $3.61, $3.65, $3.56
06/28/2017, $3.59, 49972, $3.55, $3.64, $3.46
06/27/2017, $3.59, 26785, $3.61, $3.629, $3.53
06/26/2017, $3.59, 15418, $3.59, $3.72, $3.56
06/23/2017, $3.56, 35771, $3.63, $3.63, $3.51
06/22/2017, $3.6, 14302, $3.55, $3.65, $3.54
06/21/2017, $3.55, 28563, $3.62, $3.65, $3.55
06/20/2017, $3.62, 50542, $3.64, $3.65, $3.57
06/19/2017, $3.65, 26567, $3.7, $3.7, $3.61
06/16/2017, $3.65, 23540, $3.69, $3.69, $3.63
06/15/2017, $3.68, 44552, $3.61, $3.7, $3.6
06/14/2017, $3.6, 264095, $3.68, $3.74, $3.5
06/13/2017, $3.65, 110307, $3.74, $3.74, $3.62
06/12/2017, $3.73, 36792, $3.7, $3.799, $3.625
06/09/2017, $3.72, 25753, $3.68, $3.75, $3.68
06/08/2017, $3.7, 29700, $3.72, $3.75, $3.67
06/07/2017, $3.7, 14476, $3.7, $3.7499, $3.7
06/06/2017, $3.69, 47297, $3.72, $3.73, $3.631
06/05/2017, $3.69, 64882, $3.71, $3.75, $3.66
06/02/2017, $3.68, 15556, $3.693, $3.73, $3.62
06/01/2017, $3.69, 21563, $3.72, $3.75, $3.641
05/31/2017, $3.67, 29899, $3.74, $3.74, $3.64
05/30/2017, $3.69, 44784, $3.68, $3.7734, $3.63
05/26/2017, $3.71, 12438, $3.8, $3.8, $3.69
05/25/2017, $3.71, 32084, $3.76, $3.79, $3.6201
05/24/2017, $3.68, 85669, $3.73, $3.75, $3.645
05/23/2017, $3.68, 61223, $3.67, $3.72, $3.6
05/22/2017, $3.6, 27647, $3.65, $3.73, $3.52
05/19/2017, $3.59, 40332, $3.531, $3.65, $3.531
05/18/2017, $3.59, 109628, $3.59, $3.665, $3.5
05/17/2017, $3.56, 27108, $3.5946, $3.6699, $3.45
05/16/2017, $3.62, 23757, $3.64, $3.66, $3.5981
05/15/2017, $3.69, 72511, $3.77, $3.77, $3.6465
05/12/2017, $3.71, 58981, $3.8, $3.82, $3.68
05/11/2017, $3.84, 22791, $3.87, $3.87, $3.79
05/10/2017, $3.85, 27552, $3.77, $3.85, $3.74
05/09/2017, $3.71, 28439, $3.75, $3.76, $3.68
05/08/2017, $3.71, 20407, $3.72, $3.7661, $3.6801
05/05/2017, $3.71, 111053, $3.69, $3.73, $3.58
05/04/2017, $3.6, 42968, $3.61, $3.65, $3.5146
05/03/2017, $3.6, 15959, $3.67, $3.675, $3.6
05/02/2017, $3.63, 35828, $3.67, $3.7, $3.62
05/01/2017, $3.63, 22863, $3.67, $3.68, $3.62
04/28/2017, $3.62, 50477, $3.58, $3.69, $3.58
04/27/2017, $3.59, 80380, $3.52, $3.61, $3.4479
04/26/2017, $3.55, 37270, $3.54, $3.62, $3.49
04/25/2017, $3.56, 15942, $3.53, $3.68, $3.53
04/24/2017, $3.52, 24290, $3.58, $3.62, $3.44
04/21/2017, $3.59, 18216, $3.5, $3.61, $3.475
04/20/2017, $3.51, 44427, $3.52, $3.6, $3.5
04/19/2017, $3.51, 45113, $3.5, $3.55, $3.47
04/18/2017, $3.52, 27857, $3.49, $3.63, $3.47
04/17/2017, $3.48, 23888, $3.53, $3.53, $3.4
04/13/2017, $3.5, 33539, $3.44, $3.6, $3.41
04/12/2017, $3.41, 7349, $3.5, $3.51, $3.41
04/11/2017, $3.52, 31903, $3.44, $3.61, $3.4
04/10/2017, $3.45, 51966, $3.41, $3.642, $3.34
04/07/2017, $3.37, 62461, $3.45, $3.45, $3.2999
04/06/2017, $3.43, 73775, $3.43, $3.43, $3.35
04/05/2017, $3.43, 84023, $3.42, $3.46, $3.4
04/04/2017, $3.37, 45740, $3.45, $3.48, $3.3
04/03/2017, $3.41, 54009, $3.45, $3.64, $3.41
03/31/2017, $3.45, 5732, $3.42, $3.45, $3.38
03/30/2017, $3.42, 65195, $3.46, $3.46, $3.3
03/29/2017, $3.42, 35455, $3.44, $3.46, $3.4
03/28/2017, $3.44, 65956, $3.41, $3.48, $3.38
03/27/2017, $3.49, 55279, $3.45, $3.54, $3.37
03/24/2017, $3.6, 23259, $3.48, $3.6, $3.48
03/23/2017, $3.52, 21876, $3.4, $3.57, $3.4
03/22/2017, $3.46, 66804, $3.57, $3.57, $3.4
03/21/2017, $3.51, 88789, $3.71, $3.73, $3.4
03/20/2017, $3.77, 67041, $3.75, $3.8, $3.69
03/17/2017, $3.69, 777914, $3.5, $3.79, $3.5
03/16/2017, $3.52, 301515, $3.51, $3.55, $3.47
03/15/2017, $3.48, 44287, $3.44, $3.56, $3.43
03/14/2017, $3.45, 11319, $3.5, $3.53, $3.45
03/13/2017, $3.49, 34352, $3.5, $3.54, $3.4621
03/10/2017, $3.46, 17781, $3.48, $3.53, $3.45
03/09/2017, $3.48, 40962, $3.49, $3.55, $3.45
03/08/2017, $3.47, 44792, $3.45, $3.51, $3.42
03/07/2017, $3.46, 62618, $3.41, $3.48, $3.4
03/06/2017, $3.46, 20085, $3.41, $3.5, $3.38
03/03/2017, $3.41, 25782, $3.45, $3.54, $3.34
03/02/2017, $3.49, 60943, $3.45, $3.58, $3.44
03/01/2017, $3.5, 20426, $3.46, $3.5, $3.43
02/28/2017, $3.47, 68222, $3.35, $3.57, $3.35
02/27/2017, $3.5, 39855, $3.4, $3.51, $3.37
02/24/2017, $3.43, 45624, $3.56, $3.56, $3.34
02/23/2017, $3.49, 66098, $3.4, $3.59, $3.4
02/22/2017, $3.38, 27400, $3.22, $3.405, $3.22
02/21/2017, $3.42, 41395, $3.33, $3.48, $3.3
02/17/2017, $3.4, 53372, $3.53, $3.56, $3.39
02/16/2017, $3.55, 362198, $3.39, $3.57, $3.39
02/15/2017, $3.41, 69130, $3.49, $3.57, $3.4
02/14/2017, $3.43, 42534, $3.32, $3.4738, $3.23
02/13/2017, $3.38, 76685, $3.36, $3.6, $3.33
02/10/2017, $3.42, 127516, $3.37, $3.45, $3.37
02/09/2017, $3.38, 105740, $3.29, $3.44, $3.25
02/08/2017, $3.31, 26824, $3.32, $3.34, $3.24
02/07/2017, $3.31, 179904, $3.388, $3.42, $3.16
02/06/2017, $3.4, 157212, $3.39, $3.438, $3.3
02/03/2017, $3.42, 92281, $3.46, $3.46, $3.3
02/02/2017, $3.39, 145570, $3.21, $3.481, $2.9
02/01/2017, $3.24, 16006, $3.21, $3.25, $3.12
01/31/2017, $3.21, 28779, $3.189, $3.22, $3.07
01/30/2017, $3.22, 24497, $3.18, $3.24, $3.1053
01/27/2017, $3.23, 21518, $3.2, $3.25, $3.14
01/26/2017, $3.22, 31018, $3.27, $3.3699, $3.22
01/25/2017, $3.3, 30565, $3.27, $3.34, $3.27
01/24/2017, $3.26, 24842, $3.26, $3.44, $3.26
01/23/2017, $3.27, 16019, $3.33, $3.3636, $3.26
01/20/2017, $3.35, 32931, $3.33, $3.5, $3.28
01/19/2017, $3.33, 42032, $3.27, $3.3889, $3.18
01/18/2017, $3.32, 22189, $3.23, $3.42, $3.23
01/17/2017, $3.28, 58877, $3.36, $3.55, $3.25
01/13/2017, $3.37, 109885, $3.12, $3.45, $3.04
01/12/2017, $3.13, 18626, $3.21, $3.21, $3.05
01/11/2017, $3.26, 137674, $3.03, $3.35, $3.03
01/10/2017, $3.11, 30781, $3.12, $3.16, $3.01
01/09/2017, $3.12, 26273, $3.31, $3.31, $3.0812
01/06/2017, $3.2, 60440, $3.18, $3.33, $3.17
01/05/2017, $3.23, 20357, $3.11, $3.26, $3.09
01/04/2017, $3.16, 86756, $2.97, $3.31, $2.94
01/03/2017, $2.93, 74064, $2.9, $3.0246, $2.81
12/30/2016, $2.91, 253541, $3.06, $3.11, $2.83
12/29/2016, $3.08, 97747, $3.02, $3.11, $2.88
12/28/2016, $3.03, 60301, $3.23, $3.23, $2.99
12/27/2016, $3.23, 55251, $2.97, $3.24, $2.9
12/23/2016, $3.07, 47157, $3, $3.11, $2.9388
12/22/2016, $3, 49249, $3.12, $3.12, $2.9
12/21/2016, $3.13, 73825, $3.01, $3.25, $3.01
12/20/2016, $3.06, 154501, $3.33, $3.399, $2.98
12/19/2016, $3.33, 50733, $3.33, $3.37, $3.2606
12/16/2016, $3.34, 120415, $3.24, $3.4, $3.24
12/15/2016, $3.23, 59373, $3.11, $3.31, $3.04
12/14/2016, $3.15, 166377, $3.08, $3.28, $2.95
12/13/2016, $3.17, 159221, $3.59, $3.59, $3.14
12/12/2016, $3.43, 157077, $3.53, $3.6118, $3.33
12/09/2016, $3.55, 524932, $3.15, $4, $3.15
12/08/2016, $3.11, 658828, $3.25, $5.375, $3.08
12/07/2016, $3.25, 132137, $3.42, $3.49, $3.2
12/06/2016, $3.37, 186555, $3.18, $3.43, $3.18
12/05/2016, $3.07, 130951, $2.65, $3.17, $2.62
12/02/2016, $2.62, 48080, $2.66, $2.68, $2.5
12/01/2016, $2.67, 95692, $2.48, $2.8, $2.48
11/30/2016, $2.51, 100313, $2.6, $2.6, $2.48
11/29/2016, $2.42, 177856, $2.42, $2.49, $2.36
11/28/2016, $2.39, 47901, $2.39, $2.45, $2.37
11/25/2016, $2.42, 64952, $2.42, $2.46, $2.35
11/23/2016, $2.4, 20957, $2.41, $2.44, $2.37
11/22/2016, $2.38, 17140, $2.37, $2.41, $2.3499
11/21/2016, $2.39, 48066, $2.4, $2.45, $2.3203
11/18/2016, $2.39, 76269, $2.35, $2.45, $2.32
11/17/2016, $2.36, 69973, $2.36, $2.3754, $2.31
11/16/2016, $2.36, 55632, $2.32, $2.36, $2.25
11/15/2016, $2.29, 37644, $2.39, $2.39, $2.26
11/14/2016, $2.33, 123944, $2.28, $2.48, $2.28
11/11/2016, $2.31, 77015, $2.26, $2.32, $2.18
11/10/2016, $2.24, 313725, $2.09, $2.25, $2.0431
11/09/2016, $2.06, 410888, $1.64, $2.1, $1.64
11/08/2016, $1.66, 20240, $1.64, $1.67, $1.61
11/07/2016, $1.68, 24123, $1.64, $1.68, $1.61
11/04/2016, $1.63, 87329, $1.55, $1.6769, $1.53
11/03/2016, $1.54, 17189, $1.52, $1.56, $1.52
11/02/2016, $1.52, 23827, $1.56, $1.56, $1.5
11/01/2016, $1.53, 38976, $1.57, $1.57, $1.52
10/31/2016, $1.52, 42555, $1.52, $1.56, $1.5
10/28/2016, $1.54, 172162, $1.59, $1.59, $1.51
10/27/2016, $1.57, 99162, $1.62, $1.62, $1.57
10/26/2016, $1.6, 40179, $1.574, $1.6123, $1.55
10/25/2016, $1.55, 55158, $1.56, $1.6, $1.54
10/24/2016, $1.56, 90315, $1.55, $1.6099, $1.53
10/21/2016, $1.53, 121793, $1.55, $1.57, $1.5
10/20/2016, $1.6, 26472, $1.61, $1.63, $1.59
10/19/2016, $1.61, 11921, $1.64, $1.64, $1.56
10/18/2016, $1.61, 36719, $1.59, $1.66, $1.55
10/17/2016, $1.56, 69937, $1.58, $1.65, $1.54
10/14/2016, $1.56, 32194, $1.59, $1.61, $1.54
10/13/2016, $1.55, 87138, $1.54, $1.5959, $1.51
10/12/2016, $1.55, 172079, $1.51, $1.56, $1.51
10/11/2016, $1.58, 300059, $1.74, $1.74, $1.4201
10/10/2016, $1.6, 137202, $1.65, $1.66, $1.5704
10/07/2016, $1.6, 191379, $1.7, $1.74, $1.58
10/06/2016, $1.66, 85701, $1.72, $1.76, $1.59
10/05/2016, $1.7, 203235, $1.68, $1.77, $1.68
10/04/2016, $1.66, 144054, $1.69, $1.73, $1.65
10/03/2016, $1.72, 2738449, $1.8, $1.85, $1.56
09/30/2016, $1.78, 199521, $1.74, $1.8499, $1.705
09/29/2016, $1.73, 251274, $1.63, $1.77, $1.63
09/28/2016, $1.61, 434729, $1.68, $1.6899, $1.55
09/27/2016, $1.67, 802235, $1.69, $1.69, $1.56
09/26/2016, $1.56, 805756, $1.87, $1.9, $1.51
09/23/2016, $1.91, 141059, $2.06, $2.1, $1.9
09/22/2016, $2.06, 47250, $2.12, $2.2, $2.06
09/21/2016, $2.1, 143151, $2.29, $2.41, $2.0875
09/20/2016, $2.2, 45307, $2.25, $2.32, $2.19
09/19/2016, $2.19, 181957, $2.1, $2.25, $2.05
09/16/2016, $2.08, 137504, $2.16, $2.25, $2.04
09/15/2016, $2.19, 12642, $2.35, $2.35, $2.19
09/14/2016, $2.3, 15928, $2.27, $2.31, $2.21
09/13/2016, $2.21, 21131, $2.35, $2.38, $2.16
09/12/2016, $2.37, 92634, $2.26, $2.42, $2.18
09/09/2016, $2.4, 36276, $2.42, $2.42, $2.22
09/08/2016, $2.38, 26384, $2.26, $2.41, $2.2
09/07/2016, $2.31, 14126, $2.32, $2.405, $2.31
09/06/2016, $2.36, 32626, $2.39, $2.42, $2.35
09/02/2016, $2.39, 20371, $2.3, $2.42, $2.3
09/01/2016, $2.28, 18503, $2.32, $2.36, $2.23
08/31/2016, $2.28, 111895, $2.36, $2.4, $2.19
08/30/2016, $2.41, 82788, $2.38, $2.42, $2.35
08/29/2016, $2.39, 29346, $2.4, $2.5, $2.33
08/26/2016, $2.36, 20936, $2.515, $2.6, $2.35
08/25/2016, $2.5, 124022, $2.48, $2.6, $2.42
08/24/2016, $2.48, 38151, $2.38, $2.48, $2.36
08/23/2016, $2.36, 28190, $2.48, $2.48, $2.35
08/22/2016, $2.48, 36253, $2.43, $2.49, $2.29
08/19/2016, $2.31, 49131, $2.44, $2.44, $2.28
08/18/2016, $2.4, 30706, $2.325, $2.42, $2.3
08/17/2016, $2.34, 30526, $2.28, $2.37, $2.21
08/16/2016, $2.28, 17193, $2.36, $2.39, $2.235
08/15/2016, $2.39, 38174, $2.16, $2.41, $2.16
08/12/2016, $2.16, 50733, $2.27, $2.29, $2.08
08/11/2016, $2.23, 38508, $2.3, $2.3, $2.19
08/10/2016, $2.29, 43638, $2.235, $2.3, $2.1775
08/09/2016, $2.24, 63678, $2.28, $2.34, $2.21
08/08/2016, $2.26, 54149, $2.35, $2.39, $2.21
08/05/2016, $2.29, 91877, $2.38, $2.38, $2.27
08/04/2016, $2.66, 62441, $2.38, $2.67, $2.3
08/03/2016, $2.33, 102358, $2.39, $2.43, $2.22
08/02/2016, $2.41, 48277, $2.68, $2.693, $2.39
08/01/2016, $2.68, 83047, $2.4, $2.71, $2.4
07/29/2016, $2.37, 64100, $2.47, $2.47, $2.37
07/28/2016, $2.42, 32984, $2.49, $2.57, $2.42
07/27/2016, $2.39, 70553, $2.58, $2.6259, $2.38
07/26/2016, $2.57, 48201, $2.61, $2.75, $2.55
07/25/2016, $2.58, 27425, $2.62, $2.6599, $2.54
07/22/2016, $2.63, 18991, $2.74, $2.78, $2.62
07/21/2016, $2.71, 48483, $2.74, $2.8, $2.67
07/20/2016, $2.71, 31834, $2.58, $2.73, $2.56
07/19/2016, $2.53, 33344, $2.8, $2.84, $2.52
07/18/2016, $2.82, 88767, $2.6, $2.91, $2.6
07/15/2016, $2.62, 49014, $2.54, $2.74, $2.54
07/14/2016, $2.53, 52584, $2.45, $2.56, $2.43
07/13/2016, $2.44, 58367, $2.57, $2.72, $2.39
07/12/2016, $2.6, 57207, $2.54, $2.68, $2.53
07/11/2016, $2.54, 45034, $2.62, $2.62, $2.51
07/08/2016, $2.57, 143048, $2.39, $2.6499, $2.39
07/07/2016, $2.37, 139700, $2.34, $2.4, $2.18
07/06/2016, $2.29, 84593, $2.3, $2.37, $2.25
07/05/2016, $2.33, 87760, $2.69, $2.69, $2.26
07/01/2016, $2.65, 143810, $2.3, $2.68, $2.3
06/30/2016, $2.26, 107790, $2.129, $2.3, $2.09
06/29/2016, $2.09, 143203, $2.26, $2.36, $2.06
06/28/2016, $2.21, 80437, $2.31, $2.31, $2.175
06/27/2016, $2.27, 181921, $2.48, $2.5, $2.27
06/24/2016, $2.47, 1848319, $2.57, $2.61, $2.4
06/23/2016, $2.71, 229655, $2.88, $2.88, $2.71
06/22/2016, $2.8, 79821, $2.98, $2.98, $2.79
06/21/2016, $2.96, 129609, $2.99, $3, $2.83
06/20/2016, $2.99, 81551, $3.02, $3.09, $2.98
06/17/2016, $3.02, 245433, $3.07, $3.2, $2.99
06/16/2016, $3.05, 107617, $3.13, $3.13, $3.02
06/15/2016, $3.16, 95522, $3.09, $3.32, $3.04
06/14/2016, $3.07, 71013, $3.18, $3.25, $3.063
06/13/2016, $3.26, 44264, $3.18, $3.34, $3.09
06/10/2016, $3.22, 96005, $3.3, $3.34, $3.16
06/09/2016, $3.26, 53229, $3.26, $3.3555, $3.22
06/08/2016, $3.28, 47061, $3.13, $3.29, $3.08
06/07/2016, $3.12, 189080, $3.13, $3.13, $2.99
06/06/2016, $3.13, 92921, $3.07, $3.27, $3.07
06/03/2016, $3.03, 103177, $3.25, $3.25, $3
06/02/2016, $3.27, 33148, $3.21, $3.29, $3.21
06/01/2016, $3.24, 47874, $3.25, $3.26, $3.21
05/31/2016, $3.29, 59318, $3.28, $3.3, $3.22
05/27/2016, $3.26, 36562, $3.211, $3.3, $3.2
05/26/2016, $3.23, 52481, $3.55, $3.557, $3.23
05/25/2016, $3.52, 30329, $3.42, $3.59, $3.4
05/24/2016, $3.41, 55946, $3.18, $3.45, $3.18
05/23/2016, $3.17, 37982, $3.17, $3.31, $3.16
05/20/2016, $3.2, 72756, $3.07, $3.33, $3.07
05/19/2016, $3.04, 133346, $3.05, $3.144, $3.01
05/18/2016, $3.09, 45721, $3.2, $3.2, $3.07
05/17/2016, $3.16, 149107, $3.2, $3.28, $3.05
05/16/2016, $3.2, 89938, $3.29, $3.34, $3.18
05/13/2016, $3.24, 33382, $3.31, $3.49, $3.22
05/12/2016, $3.28, 169220, $3.25, $3.33, $3.04
05/11/2016, $3.22, 59114, $3.32, $3.45, $3.18
05/10/2016, $3.33, 41683, $3.31, $3.34, $3.22
05/09/2016, $3.31, 66434, $3.45, $3.45, $3.29
05/06/2016, $3.45, 138205, $3.44, $3.49, $3.18
05/05/2016, $3.41, 49212, $3.39, $3.47, $3.31
05/04/2016, $3.35, 58032, $3.41, $3.51, $3.22
05/03/2016, $3.44, 48679, $3.61, $3.61, $3.32
05/02/2016, $3.69, 71008, $3.98, $3.98, $3.5
04/29/2016, $3.95, 58842, $4.23, $4.37, $3.94
04/28/2016, $4.24, 52360, $4.26, $4.3, $4.13
04/27/2016, $4.35, 68278, $4.126, $4.38, $4.11
04/26/2016, $4.19, 67542, $3.98, $4.22, $3.91
04/25/2016, $4.04, 79108, $4.08, $4.08, $3.89
04/22/2016, $4.02, 34395, $4.09, $4.16, $3.95
04/21/2016, $4.06, 50707, $4.2, $4.2, $4
04/20/2016, $4.2, 58607, $4.12, $4.29, $4.09
04/19/2016, $4.12, 40417, $4.02, $4.24, $4.02
04/18/2016, $4.02, 39793, $4.03, $4.1048, $4.01
04/15/2016, $4.09, 55356, $4.03, $4.15, $3.9
04/14/2016, $4.06, 46079, $4.03, $4.13, $3.96
04/13/2016, $4.05, 69095, $3.74, $4.07, $3.74
04/12/2016, $3.73, 110166, $3.86, $4.02, $3.69
04/11/2016, $3.87, 67936, $4, $4.06, $3.82
04/08/2016, $3.99, 88874, $3.89, $4, $3.77
04/07/2016, $3.82, 457878, $3.87, $3.97, $3.72
04/06/2016, $3.91, 108343, $4.02, $4.02, $3.62
04/05/2016, $4.02, 74963, $3.94, $4.06, $3.87
04/04/2016, $4.07, 113632, $4.4, $4.53, $3.87
04/01/2016, $4.38, 91180, $4.27, $4.46, $4.13
03/31/2016, $4.31, 57715, $4.17, $4.44, $4.16
03/30/2016, $4.17, 44263, $4.31, $4.3616, $4.12
03/29/2016, $4.27, 105509, $3.95, $4.29, $3.9
03/28/2016, $4.05, 87791, $4.3, $4.37, $3.96
03/24/2016, $4.24, 91040, $4.35, $4.44, $4.1301
03/23/2016, $4.4, 36314, $4.88, $4.91, $4.37
03/22/2016, $4.87, 32984, $4.99, $5, $4.87
03/21/2016, $5, 91168, $4.86, $5.12, $4.82
03/18/2016, $4.79, 145530, $4.81, $4.91, $4.6301
03/17/2016, $4.76, 68698, $4.61, $4.81, $4.59
03/16/2016, $4.61, 23768, $4.47, $4.63, $4.46
03/15/2016, $4.47, 30601, $4.58, $4.63, $4.37
03/14/2016, $4.62, 59104, $4.49, $4.69, $4.49
03/11/2016, $4.66, 41289, $4.24, $4.66, $4.22
03/10/2016, $4.17, 37916, $4.31, $4.35, $4.11
03/09/2016, $4.31, 60179, $4.35, $4.38, $4.21
03/08/2016, $4.35, 42698, $4.54, $4.54, $4.34
03/07/2016, $4.59, 89150, $4.56, $4.8, $4.32
03/04/2016, $4.6, 81926, $4.4, $4.81, $4.38
03/03/2016, $4.37, 68051, $4.3, $4.43, $4.21
03/02/2016, $4.29, 72350, $3.9, $4.33, $3.9
03/01/2016, $3.92, 39079, $3.97, $3.98, $3.88
02/29/2016, $3.91, 35722, $3.9, $3.95, $3.87
02/26/2016, $3.91, 30774, $3.84, $4, $3.78
02/25/2016, $3.82, 23281, $3.9, $3.91, $3.68
02/24/2016, $3.9, 28008, $3.65, $3.96, $3.63
02/23/2016, $3.65, 40478, $3.65, $3.84, $3.65
02/22/2016, $3.66, 37185, $3.59, $3.671, $3.56
02/19/2016, $3.54, 81603, $3.82, $3.885, $3.515
02/18/2016, $3.84, 52121, $3.95, $4, $3.75
02/17/2016, $3.95, 60840, $3.71, $4.095, $3.71
02/16/2016, $3.66, 44170, $3.41, $3.7, $3.38
02/12/2016, $3.36, 61746, $3.42, $3.5, $3.34
02/11/2016, $3.38, 42474, $3.43, $3.45, $3.3508
02/10/2016, $3.51, 48006, $3.35, $3.525, $3.27
02/09/2016, $3.34, 92218, $3.72, $3.72, $3.3
02/08/2016, $3.77, 77096, $3.84, $3.885, $3.69
02/05/2016, $3.89, 89328, $3.65, $3.9, $3.49
02/04/2016, $3.97, 52270, $4.14, $4.25, $3.96
02/03/2016, $4.09, 41062, $4.15, $4.15, $3.85
02/02/2016, $4.09, 71031, $3.92, $4.12, $3.91
02/01/2016, $4.01, 62249, $3.81, $4.08, $3.73
01/29/2016, $3.83, 85798, $3.65, $3.92, $3.65
01/28/2016, $3.62, 48944, $3.63, $3.72, $3.52
01/27/2016, $3.52, 47004, $3.53, $3.75, $3.5
01/26/2016, $3.57, 79049, $3.33, $3.58, $3.33
01/25/2016, $3.3, 38441, $3.43, $3.62, $3.28
01/22/2016, $3.48, 61101, $3.46, $3.56, $3.36
01/21/2016, $3.38, 77004, $3.16, $3.4283, $3.15
01/20/2016, $3.17, 113871, $2.98, $3.24, $2.83
01/19/2016, $3.03, 107803, $3.17, $3.17, $2.98
01/15/2016, $3.16, 154800, $3.05, $3.17, $2.92
01/14/2016, $3.15, 122828, $2.89, $3.2, $2.89
01/13/2016, $2.89, 178492, $3.07, $3.14, $2.81
01/12/2016, $3.05, 337655, $3.32, $3.32, $3.01
01/11/2016, $3.28, 137046, $3.59, $3.59, $3.26
01/08/2016, $3.57, 771712, $3.35, $3.57, $3.29
01/07/2016, $3.35, 300201, $3.64, $3.66, $3.22
01/06/2016, $3.72, 284229, $4, $4.01, $3.6
01/05/2016, $4.01, 137488, $4.5, $4.5, $4
01/04/2016, $4.33, 160377, $4.71, $4.745, $4.31
12/31/2015, $4.66, 155211, $4.44, $4.68, $4.33
12/30/2015, $4.49, 443364, $4.54, $4.58, $4.36
12/29/2015, $4.56, 182516, $4.61, $4.63, $4.29
12/28/2015, $4.46, 77484, $4.44, $4.49, $4.34
12/24/2015, $4.47, 34977, $4.34, $4.5, $4.34
12/23/2015, $4.34, 120678, $4.18, $4.4, $4.14
12/22/2015, $4.17, 235073, $4.25, $4.2701, $4.06
12/21/2015, $4.12, 182417, $4.07, $4.385, $4.02
12/18/2015, $4.08, 976100, $4.01, $4.21, $4
12/17/2015, $4.06, 166154, $3.98, $4.19, $3.94
12/16/2015, $3.97, 157431, $4.06, $4.19, $3.95
12/15/2015, $4.01, 162161, $4.03, $4.07, $3.974
12/14/2015, $4, 268059, $4.18, $4.31, $3.94
12/11/2015, $4.14, 384139, $3.67, $4.17, $3.605
12/10/2015, $3.8, 219763, $3.62, $3.82, $3.55
12/09/2015, $3.65, 209814, $3.43, $3.66, $3.43
12/08/2015, $3.43, 260464, $3.46, $3.51, $3.2803
12/07/2015, $3.5, 247696, $3.74, $3.75, $3.38
12/04/2015, $3.74, 536100, $3.95, $3.967, $3.63
12/03/2015, $3.96, 1032800, $3.96, $4.07, $3.9
12/02/2015, $4.06, 1278479, $5.06, $5.06, $3.9
12/01/2015, $5.82, 75088, $5.78, $5.88, $5.43
11/30/2015, $5.75, 230893, $5.53, $5.78, $5.4
11/27/2015, $5.53, 25648, $5.45, $5.56, $5.41
11/25/2015, $5.45, 66755, $5.44, $5.53, $5.38
11/24/2015, $5.45, 51605, $5.25, $5.47, $5.25
11/23/2015, $5.3, 53598, $5.19, $5.31, $5.19
11/20/2015, $5.28, 98640, $5.26, $5.3516, $5.19
11/19/2015, $5.22, 58347, $5.26, $5.31, $5.15
11/18/2015, $5.29, 75557, $5.09, $5.416, $5.06
11/17/2015, $5.07, 60756, $4.96, $5.29, $4.96
11/16/2015, $4.93, 48102, $4.79, $4.93, $4.76
11/13/2015, $4.8, 60986, $4.88, $5.05, $4.78
11/12/2015, $4.95, 40300, $4.99, $5.05, $4.9
11/11/2015, $5.02, 29910, $5.09, $5.1406, $4.98
11/10/2015, $5.07, 40648, $5.02, $5.09, $4.94
11/09/2015, $4.94, 39512, $5.02, $5.075, $4.81
11/06/2015, $5.02, 30846, $4.7, $5.04, $4.7
11/05/2015, $4.78, 17825, $4.71, $4.79, $4.7
11/04/2015, $4.68, 69697, $4.66, $4.765, $4.57
11/03/2015, $4.68, 44520, $4.48, $4.71, $4.48
11/02/2015, $4.48, 30855, $4.24, $4.53, $4.24
10/30/2015, $4.25, 64156, $4.36, $4.38, $4.11
10/29/2015, $4.35, 70773, $4.7, $4.76, $4.34
10/28/2015, $4.73, 71108, $4.5, $4.74, $4.43
10/27/2015, $4.48, 106471, $4.56, $4.56, $4.37
10/26/2015, $4.56, 53353, $4.99, $5.04, $4.52
10/23/2015, $5.01, 52008, $4.86, $5.07, $4.74
10/22/2015, $4.8, 54008, $5.01, $5.07, $4.71
10/21/2015, $4.97, 46288, $5.41, $5.41, $4.96
10/20/2015, $5.39, 75612, $5.06, $5.42, $4.96
10/19/2015, $5.08, 81137, $4.88, $5.17, $4.8
10/16/2015, $4.9, 58557, $4.95, $4.96, $4.64
10/15/2015, $4.93, 52917, $4.67, $4.94, $4.47
10/14/2015, $4.65, 57797, $4.9, $4.95, $4.56
10/13/2015, $4.88, 44431, $4.9, $5.04, $4.83
10/12/2015, $4.92, 54990, $5.03, $5.07, $4.84
10/09/2015, $5.01, 79314, $5, $5.16, $4.8
10/08/2015, $4.94, 83267, $4.97, $5, $4.86
10/07/2015, $4.98, 898364, $4.68, $5, $4.4301
10/06/2015, $4.67, 80900, $4.64, $4.68, $4.4
10/05/2015, $4.62, 111769, $4.15, $4.65, $4.15
10/02/2015, $4.1, 184593, $3.68, $4.175, $3.68
10/01/2015, $3.69, 572482, $3.5, $3.7899, $3.42
09/30/2015, $3.51, 75849, $3.63, $3.7, $3.5
09/29/2015, $3.61, 41275, $3.55, $3.66, $3.51
09/28/2015, $3.57, 115835, $3.6, $3.7, $3.54
09/25/2015, $3.63, 197665, $3.7, $3.78, $3.58
09/24/2015, $3.68, 91495, $3.65, $3.72, $3.54
09/23/2015, $3.68, 112586, $3.88, $3.88, $3.66
09/22/2015, $3.88, 42965, $3.87, $3.91, $3.83
09/21/2015, $3.92, 51270, $4.01, $4.05, $3.92
09/18/2015, $4, 130400, $4.19, $4.22, $3.96
09/17/2015, $4.26, 101443, $4.48, $4.53, $4.21
09/16/2015, $4.61, 62001, $4.61, $4.72, $4.56
09/15/2015, $4.63, 47291, $4.5, $4.85, $4.49
09/14/2015, $4.51, 36117, $4.25, $4.57, $4.23
09/11/2015, $4.23, 187909, $4.12, $4.5, $4.12
09/10/2015, $4.19, 48229, $4.22, $4.34, $4.17
09/09/2015, $4.24, 45092, $4.41, $4.52, $4.22
09/08/2015, $4.33, 101859, $4.07, $4.54, $4
09/04/2015, $4.07, 49528, $3.99, $4.09, $3.98
09/03/2015, $4.05, 83233, $4.21, $4.21, $4.04
09/02/2015, $4.15, 105106, $4.4, $4.4283, $4.13
09/01/2015, $4.34, 75455, $4.36, $4.69, $4.3
08/31/2015, $4.46, 236560, $4.44, $4.48, $4.08
08/28/2015, $4.49, 73668, $4.41, $4.49, $4.355
08/27/2015, $4.45, 80705, $4.33, $4.48, $4.22
08/26/2015, $4.32, 44413, $4.24, $4.35, $4.17
08/25/2015, $4.21, 77626, $4.67, $4.67, $4.17
08/24/2015, $4.5, 58839, $4.5, $4.72, $4.5
08/21/2015, $4.64, 104135, $4.66, $4.72, $4.5
08/20/2015, $4.77, 43215, $4.69, $4.85, $4.69
08/19/2015, $4.76, 73215, $4.8, $4.86, $4.73
08/18/2015, $4.86, 36739, $4.79, $4.89, $4.79
08/17/2015, $4.87, 139157, $4.85, $4.91, $4.8
08/14/2015, $4.88, 80864, $4.95, $5.04, $4.85
08/13/2015, $5, 87432, $5.01, $5.04, $4.8801
08/12/2015, $4.99, 153377, $5.04, $5.11, $4.92
08/11/2015, $5.03, 185452, $4.9, $5.13, $4.82
08/10/2015, $4.93, 228421, $5.59, $5.75, $4.6601
08/07/2015, $5.55, 182907, $5.35, $6.73, $4.915
08/06/2015, $5.92, 94407, $5.99, $6, $5.68
08/05/2015, $5.93, 36639, $6, $6.14, $5.87
08/04/2015, $6, 63961, $6.14, $6.14, $5.94
08/03/2015, $6.07, 60982, $6.35, $6.37, $6.02
07/31/2015, $6.37, 95102, $6.19, $6.5, $6.08
07/30/2015, $6.19, 57415, $6.18, $6.29, $6.1
07/29/2015, $6.24, 49214, $6.14, $6.29, $6.02
07/28/2015, $5.97, 31221, $6.06, $6.06, $5.81
07/27/2015, $6.03, 42477, $5.96, $6.13, $5.82
07/24/2015, $5.96, 245170, $7.52, $7.52, $5.682
07/23/2015, $7.65, 39325, $7.97, $8, $7.6
07/22/2015, $7.99, 51794, $8.11, $8.13, $7.881
07/21/2015, $8.11, 33136, $8.19, $8.3, $8.11
07/20/2015, $8.2, 33121, $8.36, $8.38, $8.15
07/17/2015, $8.39, 52681, $8.54, $8.68, $8.38
07/16/2015, $8.53, 43094, $8.5, $8.75, $8.425
07/15/2015, $8.46, 32771, $8.465, $8.5, $8.38
07/14/2015, $8.46, 50556, $8.49, $8.51, $8.4
07/13/2015, $8.47, 60403, $8.37, $8.5, $8.35
07/10/2015, $8.33, 44510, $8.44, $8.5, $8.27
07/09/2015, $8.37, 69800, $8.33, $8.44, $8.26
07/08/2015, $8.21, 238727, $8.18, $8.275, $8.02
07/07/2015, $8.23, 66293, $8.26, $8.26, $8.02
07/06/2015, $8.26, 62381, $8.18, $8.43, $8.12
07/02/2015, $8.15, 68222, $8.21, $8.385, $8.1
07/01/2015, $8.15, 114879, $8.64, $8.665, $8.06
06/30/2015, $8.6, 137455, $8.24, $8.71, $8.06
06/29/2015, $8.23, 58918, $8.56, $8.56, $8.22
06/26/2015, $8.58, 216448, $8.44, $8.61, $8.21
06/25/2015, $8.39, 47408, $8.5, $8.5, $8.31
06/24/2015, $8.48, 46033, $8.57, $8.58, $8.39
06/23/2015, $8.57, 35647, $8.44, $8.63, $8.34
06/22/2015, $8.57, 44689, $8.6, $8.65, $8.37
06/19/2015, $8.55, 122774, $8.38, $8.65, $8.32
06/18/2015, $8.35, 56272, $8.34, $8.46, $8.22
06/17/2015, $8.27, 38485, $8.21, $8.57, $8.15
06/16/2015, $8.31, 62360, $8.55, $8.55, $8.24
06/15/2015, $8.53, 71532, $8.43, $8.64, $8.22
06/12/2015, $8.46, 79820, $8.41, $8.62, $8.19
06/11/2015, $8.45, 30057, $8.23, $8.46, $8.23
06/10/2015, $8.2, 83751, $8.15, $8.45, $8.05
06/09/2015, $8.07, 57937, $8.14, $8.17, $7.94
06/08/2015, $8.16, 84944, $8.56, $8.56, $8.0275
06/05/2015, $8.62, 41223, $8.43, $8.63, $8.21
06/04/2015, $8.42, 32077, $8.65, $8.71, $8.35
06/03/2015, $8.67, 44639, $8.82, $8.95, $8.61
06/02/2015, $8.8, 64309, $8.48, $9.02, $8.48
06/01/2015, $8.5, 79672, $8.47, $8.56, $8.18
05/29/2015, $8.4, 74030, $8.43, $8.54, $8.2
05/28/2015, $8.47, 31534, $8.44, $8.54, $8.31
05/27/2015, $8.44, 66920, $8.44, $8.5, $8.299
05/26/2015, $8.43, 71464, $8.63, $8.65, $8.28
05/22/2015, $8.65, 65359, $8.53, $8.84, $8.47
05/21/2015, $8.56, 59257, $8.76, $8.79, $8.55
05/20/2015, $8.79, 83780, $9.18, $9.18, $8.76
05/19/2015, $9.18, 103592, $9.09, $9.41, $8.86
05/18/2015, $9.06, 120590, $8.79, $9.29, $8.52
05/15/2015, $8.78, 58979, $8.55, $8.83, $8.495
05/14/2015, $8.56, 65409, $8.5, $8.6, $8.43
05/13/2015, $8.45, 48159, $8.68, $8.68, $8.3
05/12/2015, $8.62, 82801, $8.9, $8.91, $8.58
05/11/2015, $8.99, 92456, $9.05, $9.18, $8.95
05/08/2015, $9.06, 98852, $9.03, $9.12, $8.76
05/07/2015, $8.91, 48758, $8.88, $9.03, $8.82
05/06/2015, $8.86, 68782, $9.18, $9.18, $8.71
05/05/2015, $9.13, 94799, $8.95, $9.24, $8.71
05/04/2015, $9, 140662, $9.44, $9.44, $8.93
05/01/2015, $9.4, 132691, $8.55, $9.69, $8.55
04/30/2015, $8.45, 140171, $8.99, $9.15, $8.45
04/29/2015, $9.08, 55908, $9.43, $9.45, $9.01
04/28/2015, $9.47, 53265, $9.45, $9.59, $9.35
04/27/2015, $9.49, 61157, $9.47, $9.8, $9.1103
04/24/2015, $9.49, 140539, $9.88, $9.88, $9.39
04/23/2015, $10.01, 26426, $9.84, $10.04, $9.83
04/22/2015, $9.92, 46689, $10.17, $10.17, $9.87
04/21/2015, $10.2, 87074, $10.2, $10.32, $9.94
04/20/2015, $10.2, 53828, $9.92, $10.23, $9.83
04/17/2015, $9.9, 62583, $9.95, $10.15, $9.81
04/16/2015, $10.02, 70813, $10.28, $10.28, $9.95
04/15/2015, $10.28, 73383, $10, $10.45, $9.96
04/14/2015, $10.06, 79619, $10.05, $10.15, $9.98
04/13/2015, $10.02, 77985, $10.22, $10.22, $10
04/10/2015, $10.21, 34963, $10.32, $10.36, $10.2
04/09/2015, $10.25, 59811, $10.44, $10.44, $10.1101
04/08/2015, $10.39, 185282, $10.09, $10.45, $10.09
04/07/2015, $10.15, 62220, $10.26, $10.27, $10.1
04/06/2015, $10.29, 82438, $9.99, $10.44, $9.97
04/02/2015, $10.02, 76436, $9.77, $10.09, $9.72
04/01/2015, $9.8, 129463, $9.56, $9.865, $9.38
03/31/2015, $9.6, 38652, $9.57, $9.63, $9.4154
03/30/2015, $9.66, 194590, $9.55, $9.68, $9.3521
03/27/2015, $9.56, 87549, $9.47, $9.58, $9.3
03/26/2015, $9.46, 54817, $9.7, $9.8, $9.45
03/25/2015, $9.71, 95179, $10, $10.058, $9.64
03/24/2015, $10.12, 98398, $10.17, $10.21, $10.1
03/23/2015, $10.14, 72595, $10.15, $10.29, $10.05
03/20/2015, $10.19, 118801, $10.06, $10.3, $10.04
03/19/2015, $10, 58387, $10, $10.04, $9.94
03/18/2015, $10, 91422, $9.95, $10.07, $9.92
03/17/2015, $9.99, 137807, $9.97, $10.04, $9.92
03/16/2015, $10.02, 164156, $9.7, $10.25, $9.6
03/13/2015, $9.74, 87481, $10.01, $10.15, $9.69
03/12/2015, $10.05, 180424, $9.71, $10.14, $9.71
03/11/2015, $9.62, 100299, $9.66, $9.79, $9.38
03/10/2015, $9.73, 60343, $9.77, $9.77, $9.53
03/09/2015, $9.82, 66814, $9.63, $9.97, $9.62
03/06/2015, $9.62, 97470, $9.6, $9.77, $9.36
03/05/2015, $9.71, 93660, $10.05, $10.05, $9.6
03/04/2015, $10.05, 144767, $9.79, $10.11, $9.64
03/03/2015, $9.81, 116030, $9.61, $9.85, $9.52
03/02/2015, $9.64, 103956, $9.78, $9.87, $9.55
02/27/2015, $9.84, 172760, $9.74, $9.89, $9.67
02/26/2015, $9.77, 67775, $9.69, $9.95, $9.62
02/25/2015, $9.72, 165245, $10.01, $10.01, $9.66
02/24/2015, $9.96, 194112, $9.65, $10.16, $9.5801
02/23/2015, $9.65, 273683, $9.18, $9.7, $9.18
02/20/2015, $9.1, 67320, $9.47, $9.4897, $9.05
02/19/2015, $9.45, 102640, $9.13, $9.4899, $9.035
02/18/2015, $9.17, 94097, $9.15, $9.23, $9.1
02/17/2015, $9.13, 192080, $8.78, $9.35, $8.73
02/13/2015, $8.78, 476876, $8.51, $8.8, $8.45
02/12/2015, $8.49, 1670756, $8.33, $8.57, $8.15
02/11/2015, $8.31, 78472, $8.28, $8.4, $8.23
02/10/2015, $8.27, 107063, $8.69, $8.74, $8.23
02/09/2015, $8.61, 107176, $8.85, $8.95, $8.61
02/06/2015, $8.9, 540188, $8.65, $9.2, $8.65
02/05/2015, $8.49, 64661, $8.49, $8.61, $8.452
02/04/2015, $8.48, 75614, $8.49, $8.61, $8.37
02/03/2015, $8.5, 93695, $8.29, $8.555, $8.28
02/02/2015, $8.27, 100493, $8.23, $8.48, $8.2
01/30/2015, $8.17, 103152, $8.43, $8.5, $8.16
01/29/2015, $8.5, 100652, $8.55, $8.58, $8.45
01/28/2015, $8.51, 114705, $8.51, $8.6, $8.45
01/27/2015, $8.5, 105107, $8.4, $8.54, $8.34
01/26/2015, $8.4, 141650, $8.4, $8.52, $8.31
01/23/2015, $8.44, 77305, $8.46, $8.52, $8.4
01/22/2015, $8.45, 75137, $8.62, $8.62, $8.41
01/21/2015, $8.54, 78561, $8.31, $8.61, $8.31
01/20/2015, $8.35, 113090, $8.69, $8.75, $8.2
01/16/2015, $8.68, 130130, $8.85, $9.0691, $8.6
01/15/2015, $8.9, 93774, $9.3, $9.39, $8.73
01/14/2015, $9.23, 46354, $9.4, $9.46, $9.22
01/13/2015, $9.51, 70667, $9.51, $9.64, $9.33
01/12/2015, $9.4, 67743, $9.38, $9.52, $9.35
01/09/2015, $9.44, 140297, $9.75, $9.75, $9.41
01/08/2015, $9.74, 106524, $9.66, $9.84, $9.66
01/07/2015, $9.63, 192914, $9.73, $9.86, $9.61
01/06/2015, $9.6, 65588, $9.77, $9.81, $9.555
01/05/2015, $9.77, 103133, $9.78, $9.84, $9.64
01/02/2015, $9.82, 100931, $9.9, $9.92, $9.65
12/31/2014, $9.84, 101387, $9.84, $9.98, $9.84
12/30/2014, $9.77, 120762, $9.8, $9.9, $9.76
12/29/2014, $9.8, 105494, $9.72, $9.885, $9.7
12/26/2014, $9.75, 79244, $9.78, $9.88, $9.74
12/24/2014, $9.77, 45847, $9.8, $9.87, $9.73
12/23/2014, $9.78, 86509, $9.8, $9.9, $9.65
12/22/2014, $9.79, 141861, $9.78, $9.84, $9.67
12/19/2014, $9.8, 316429, $9.78, $10, $9.63
12/18/2014, $9.74, 90727, $9.75, $10.015, $9.71
12/17/2014, $9.7, 86877, $9.56, $9.91, $9.51
12/16/2014, $9.51, 70953, $9.31, $9.7, $9.28
12/15/2014, $9.29, 57998, $9.45, $9.53, $9.19
12/12/2014, $9.38, 83707, $9.5, $9.61, $9.25
12/11/2014, $9.58, 73930, $9.8, $9.9, $9.52
12/10/2014, $9.78, 66742, $9.72, $9.85, $9.72
12/09/2014, $9.79, 116280, $9.55, $9.93, $9.5
12/08/2014, $9.63, 35966, $9.72, $9.95, $9.585
12/05/2014, $9.8, 99663, $9.8, $10.14, $9.63
12/04/2014, $10.03, 83684, $9.99, $10.09, $9.8301
12/03/2014, $10.15, 119878, $10.74, $11.1, $10.1386
12/02/2014, $10.72, 81609, $10.59, $10.86, $10.54
12/01/2014, $10.44, 60256, $10.6, $10.74, $10.4
11/28/2014, $10.48, 40267, $10.63, $10.76, $10.39
11/26/2014, $10.69, 41723, $10.93, $10.95, $10.627
11/25/2014, $11, 34244, $11, $11, $10.91
11/24/2014, $10.98, 242277, $10.906, $11.07, $10.68
11/21/2014, $11.02, 32806, $11.4, $11.4, $10.95
11/20/2014, $11.21, 26890, $10.95, $11.21, $10.9
11/19/2014, $11.01, 37568, $11.03, $11.09, $10.89
11/18/2014, $11.09, 26188, $11.23, $11.23, $11
11/17/2014, $11.16, 32581, $11.39, $11.39, $11.03
11/14/2014, $11.42, 22870, $11.41, $11.49, $11.27
11/13/2014, $11.4, 28835, $11.42, $11.56, $11.26
11/12/2014, $11.53, 20715, $11.29, $11.57, $11.28
11/11/2014, $11.32, 29495, $11.36, $11.36, $11.26
11/10/2014, $11.4, 26501, $11.19, $11.41, $11.1
11/07/2014, $11.15, 20327, $11.28, $11.28, $11.04
11/06/2014, $11.32, 43488, $11.41, $11.41, $11
11/05/2014, $11.31, 31651, $11.21, $11.4, $11.04
11/04/2014, $11.09, 54649, $11.16, $11.3, $11.03
11/03/2014, $11.23, 74685, $11.88, $11.9, $11.15
10/31/2014, $11.91, 75528, $11.97, $11.97, $11.62
10/30/2014, $11.74, 74967, $11.8, $11.81, $11.51
10/29/2014, $11.76, 37195, $11.77, $11.92, $11.49
10/28/2014, $11.76, 49289, $11.1, $11.78, $11.07
10/27/2014, $11.03, 27902, $11.02, $11.18, $10.95
10/24/2014, $11.04, 25165, $10.96, $11.1, $10.96
10/23/2014, $11.04, 101754, $11.07, $11.125, $10.9
10/22/2014, $10.97, 28283, $11.32, $11.32, $10.9
10/21/2014, $11.33, 60580, $11.21, $11.49, $11.18
10/20/2014, $11.21, 42868, $10.98, $11.24, $10.97
10/17/2014, $11.01, 89288, $11.21, $11.21, $10.89
10/16/2014, $11.01, 90461, $10.95, $11.2899, $10.75
10/15/2014, $11.06, 86373, $10.73, $11.1, $10.42
10/14/2014, $10.82, 84257, $10.51, $10.95, $10.49
10/13/2014, $10.44, 57079, $10.14, $10.8501, $10.04
10/10/2014, $10.08, 62385, $9.86, $10.35, $9.8575
10/09/2014, $9.97, 101528, $10.17, $10.45, $9.86
10/08/2014, $10.1, 49407, $9.28, $10.16, $9.28
10/07/2014, $9.28, 36659, $9.42, $9.52, $9.26
10/06/2014, $9.46, 33625, $9.44, $9.609, $9.32
10/03/2014, $9.44, 26590, $9.69, $9.7, $9.4
10/02/2014, $9.56, 23487, $9.36, $9.66, $9.36
10/01/2014, $9.33, 50980, $9.34, $9.43, $9.2
09/30/2014, $9.35, 48553, $9.37, $9.54, $9.33
09/29/2014, $9.41, 21867, $9.32, $9.4408, $9.27
09/26/2014, $9.47, 29255, $9.35, $9.54, $9.35
09/25/2014, $9.35, 65795, $9.68, $9.75, $9.25
09/24/2014, $9.73, 15689, $9.68, $9.84, $9.65
09/23/2014, $9.71, 36296, $10.11, $10.11, $9.62
09/22/2014, $10.05, 31486, $10.23, $10.23, $9.96
09/19/2014, $10.34, 109787, $10.29, $10.43, $10.02
09/18/2014, $10.32, 19566, $10.58, $10.58, $10.27
09/17/2014, $10.56, 29204, $10.61, $10.81, $10.46
09/16/2014, $10.71, 29792, $10.62, $10.83, $10.53
09/15/2014, $10.6, 27808, $10.66, $10.85, $10.51
09/12/2014, $10.71, 30390, $10.84, $10.84, $10.48
09/11/2014, $10.91, 19940, $10.9, $10.97, $10.71
09/10/2014, $10.94, 49626, $10.72, $11.19, $10.72
09/09/2014, $10.68, 27916, $10.9, $10.9, $10.6264
09/08/2014, $10.95, 16921, $10.91, $11.09, $10.91
09/05/2014, $10.98, 18836, $10.77, $11.03, $10.69
09/04/2014, $10.85, 21210, $11.01, $11.22, $10.79
09/03/2014, $10.95, 51727, $11.08, $11.08, $10.87
09/02/2014, $11.02, 66470, $11.2, $11.24, $10.99
08/29/2014, $11.17, 19423, $11.09, $11.17, $11.05
08/28/2014, $11.1, 24759, $11.13, $11.13, $11
08/27/2014, $11.17, 25715, $11.21, $11.22, $11.1
08/26/2014, $11.23, 30487, $11.06, $11.25, $11.03
08/25/2014, $11.01, 40928, $11.34, $11.4737, $10.89
08/22/2014, $11.25, 25036, $11.15, $11.35, $11
08/21/2014, $11.17, 34490, $10.93, $11.28, $10.68
08/20/2014, $10.95, 30604, $11, $11.01, $10.79
08/19/2014, $11.11, 37713, $11.38, $11.48, $11.05
08/18/2014, $11.42, 32258, $11.07, $11.45, $11.07
08/15/2014, $11, 73346, $11.13, $11.16, $10.68
08/14/2014, $10.97, 27149, $11.08, $11.11, $10.9
08/13/2014, $11.03, 50246, $11.08, $11.36, $11.01
08/12/2014, $11.08, 27486, $11.29, $11.44, $10.98
08/11/2014, $11.38, 34071, $11.4, $11.6, $11.18
08/08/2014, $11.35, 43284, $11.13, $11.4, $11.13
08/07/2014, $11.17, 48616, $11.7, $11.7, $11.11
08/06/2014, $11.7, 71751, $12.11, $12.11, $11.5
08/05/2014, $12.24, 54216, $11.88, $12.28, $11.88
08/04/2014, $11.94, 38764, $12, $12.02, $11.53
08/01/2014, $11.9, 38434, $12.02, $12.06, $11.75
07/31/2014, $11.97, 56721, $11.75, $12.11, $11.75
07/30/2014, $11.93, 19358, $12.11, $12.11, $11.78
07/29/2014, $11.96, 23260, $11.89, $12.05, $11.83
07/28/2014, $11.9, 41921, $11.65, $11.92, $11.59
07/25/2014, $11.65, 41882, $11.66, $11.7, $11.44
07/24/2014, $11.81, 38654, $12.11, $12.14, $11.7
07/23/2014, $12.07, 33880, $12.27, $12.27, $12.03
07/22/2014, $12.26, 30564, $12.16, $12.3, $12.06
07/21/2014, $12.13, 37100, $12.38, $12.4, $12.11
07/18/2014, $12.5, 107745, $12.17, $12.65, $12.17
07/17/2014, $12.23, 60810, $12.19, $12.34, $12.1
07/16/2014, $12.33, 76879, $12.2, $12.35, $11.97
07/15/2014, $12.15, 47591, $12.43, $12.53, $12.14
07/14/2014, $12.52, 47431, $12.48, $12.53, $12.3
07/11/2014, $12.33, 67702, $12.4, $12.52, $12.23
07/10/2014, $12.46, 44533, $12.3, $12.5997, $12.3
07/09/2014, $12.54, 96691, $12.36, $12.66, $12.17
07/08/2014, $12.31, 168778, $12.24, $12.38, $12.06
07/07/2014, $12.31, 83542, $12.72, $12.72, $12.23
07/03/2014, $12.82, 44335, $12.6, $12.88, $12.48
07/02/2014, $12.52, 62789, $12.38, $12.6397, $12.3
07/01/2014, $12.34, 120426, $12.19, $12.5997, $12.17
06/30/2014, $12.14, 70120, $11.81, $12.279, $11.76
06/27/2014, $11.89, 134310, $11.26, $11.91, $11.21
06/26/2014, $11.37, 56085, $11.3, $11.41, $11.23
06/25/2014, $11.36, 41867, $11.07, $11.37, $10.96
06/24/2014, $11.11, 71040, $11.32, $11.42, $11.06
06/23/2014, $11.37, 38228, $11.82, $11.82, $11.29
06/20/2014, $11.72, 101898, $11.49, $11.77, $11.43
06/19/2014, $11.48, 122932, $11.56, $11.63, $11.165
06/18/2014, $11.56, 35779, $11.97, $11.97, $11.49
06/17/2014, $12.01, 64414, $11.92, $12.2, $11.87
06/16/2014, $11.95, 51232, $11.86, $11.96, $11.75
06/13/2014, $11.94, 39952, $12.05, $12.05, $11.85
06/12/2014, $11.98, 54040, $11.92, $11.99, $11.78
06/11/2014, $11.99, 50871, $12.08, $12.1205, $11.89
06/10/2014, $12.2, 34774, $12.18, $12.27, $11.98
06/09/2014, $12.18, 62724, $11.74, $12.31, $11.74
06/06/2014, $11.8, 48372, $11.3, $11.9, $11.3
06/05/2014, $11.29, 36689, $10.81, $11.3, $10.81
06/04/2014, $10.82, 23579, $11.09, $11.1, $10.78
06/03/2014, $11.09, 44528, $11.2, $11.22, $10.74
06/02/2014, $11.2, 50962, $11.34, $11.34, $11.19
05/30/2014, $11.35, 22473, $11.32, $11.41, $11.19
05/29/2014, $11.28, 26984, $11.2, $11.48, $11.2
05/28/2014, $11.19, 45572, $11.17, $11.29, $11.1
05/27/2014, $11.23, 48059, $11.22, $11.46, $11.1
05/23/2014, $11.11, 34741, $10.98, $11.17, $10.93
05/22/2014, $10.94, 78304, $10.77, $11.03, $10.77
05/21/2014, $10.82, 37736, $10.83, $10.9, $10.52
05/20/2014, $10.77, 78038, $10.92, $10.935, $10.53
05/19/2014, $11, 40292, $10.93, $11.06, $10.9
05/16/2014, $11.01, 77893, $10.92, $11.0897, $10.74
05/15/2014, $10.98, 70950, $11.24, $11.27, $10.94
05/14/2014, $11.23, 48676, $11.93, $11.93, $11.2
05/13/2014, $11.95, 73411, $12.23, $12.23, $11.79
05/12/2014, $12.3, 53661, $11.83, $12.48, $11.83
05/09/2014, $11.82, 27587, $11.44, $11.85, $11.44
05/08/2014, $11.55, 26322, $11.77, $12.06, $11.52
05/07/2014, $11.84, 55200, $11.66, $11.87, $11.42
05/06/2014, $11.59, 53933, $11.95, $12.01, $11.52
05/05/2014, $12.04, 35553, $11.92, $12.1, $11.72
05/02/2014, $12, 44072, $11.79, $12.14, $11.79
05/01/2014, $11.79, 103428, $12, $12.01, $11.6
04/30/2014, $12.01, 60399, $12.02, $12.03, $11.8
04/29/2014, $12.01, 37506, $12.08, $12.2, $11.92
04/28/2014, $11.98, 70881, $12, $12.26, $11.89
04/25/2014, $12, 63779, $12.14, $12.508, $11.95
04/24/2014, $12.12, 39206, $12.31, $12.31, $11.99
04/23/2014, $12.29, 28202, $12.65, $12.65, $12.24
04/22/2014, $12.71, 33009, $12.58, $12.79, $12.568
04/21/2014, $12.61, 16477, $12.58, $12.7, $12.39
04/17/2014, $12.5, 29759, $12.36, $12.6, $12.3
04/16/2014, $12.41, 21844, $12.49, $12.53, $12.26
04/15/2014, $12.36, 39232, $12.41, $12.41, $11.99
04/14/2014, $12.32, 41885, $12.3, $12.48, $12.06
04/11/2014, $12.2, 52346, $12, $12.32, $12
04/10/2014, $12.07, 54073, $12.79, $12.79, $12.03
04/09/2014, $12.78, 41019, $12.76, $12.85, $12.5
04/08/2014, $12.66, 45343, $12.68, $12.89, $12.59
04/07/2014, $12.62, 57054, $13.03, $13.03, $12.54
04/04/2014, $13.03, 74437, $13.57, $13.62, $13
04/03/2014, $13.5, 54101, $13.62, $13.62, $13.43
04/02/2014, $13.62, 52544, $13.5, $13.7, $13.45
04/01/2014, $13.57, 93207, $12.93, $13.59, $12.83
03/31/2014, $12.95, 57023, $12.71, $13.08, $12.71
03/28/2014, $12.64, 41170, $12.23, $12.92, $12.23
03/27/2014, $12.26, 37483, $12.63, $12.63, $12.22
03/26/2014, $12.57, 47003, $13.13, $13.15, $12.56
03/25/2014, $13.03, 26238, $12.91, $13.07, $12.81
03/24/2014, $12.85, 61375, $13.2, $13.2, $12.84
03/21/2014, $13.18, 75575, $13.08, $13.31, $12.94
03/20/2014, $12.99, 30009, $13.08, $13.08, $12.88
03/19/2014, $13.06, 54240, $13.08, $13.19, $12.85
03/18/2014, $13.09, 67353, $12.82, $13.21, $12.82
03/17/2014, $12.76, 47540, $13.04, $13.25, $12.72
03/14/2014, $13, 55517, $13.01, $13.21, $12.96
03/13/2014, $13.11, 53638, $13.36, $13.36, $13.09
03/12/2014, $13.39, 45198, $13.35, $13.44, $13.29
03/11/2014, $13.35, 79723, $13.35, $13.54, $13.25
03/10/2014, $13.34, 36559, $13.35, $13.36, $13.15
03/07/2014, $13.39, 28586, $13.42, $13.46, $13.312
03/06/2014, $13.29, 45231, $13.33, $13.374, $13.04
03/05/2014, $13.28, 54783, $13.53, $13.57, $13.21
03/04/2014, $13.58, 137243, $13.37, $13.98, $13.29
03/03/2014, $13.19, 74197, $13.46, $13.46, $12.97
02/28/2014, $13.53, 120755, $13.74, $13.86, $13.52
02/27/2014, $13.72, 50585, $13.64, $13.77, $13.546
02/26/2014, $13.68, 75936, $13.75, $13.95, $13.56
02/25/2014, $13.78, 45258, $13.62, $13.89, $13.57
02/24/2014, $13.66, 51358, $13.45, $13.709, $13.45
02/21/2014, $13.47, 72356, $13.26, $13.58, $13.25
02/20/2014, $13.18, 52896, $12.85, $13.22, $12.82
02/19/2014, $12.85, 78374, $12.9, $12.96, $12.82
02/18/2014, $12.96, 47774, $12.67, $12.98, $12.6
02/14/2014, $12.61, 42593, $12.54, $12.73, $12.43
02/13/2014, $12.52, 39438, $12.24, $12.53, $12.24
02/12/2014, $12.31, 47113, $12.36, $12.53, $12.25
02/11/2014, $12.31, 43423, $12.27, $12.349, $12.2
02/10/2014, $12.2, 71329, $12.23, $12.26, $12.129
02/07/2014, $12.2, 79602, $12.03, $12.29, $12
02/06/2014, $12, 63045, $12, $12.126, $12
02/05/2014, $12, 113931, $11.9, $12.05, $11.83
02/04/2014, $11.91, 121120, $11.78, $11.99, $11.67
02/03/2014, $11.76, 176053, $11.72, $11.76, $11.34
01/31/2014, $11.77, 248376, $11.7, $12.27, $11.55
01/30/2014, $12.89, 102327, $13, $13.02, $12.77
01/29/2014, $12.93, 76548, $12.87, $13.24, $12.84
01/28/2014, $13.03, 80316, $12.87, $13.04, $12.84
01/27/2014, $12.93, 62886, $13.19, $13.19, $12.835
01/24/2014, $13.27, 106039, $13.7, $13.71, $13.07
01/23/2014, $13.83, 143855, $14.05, $14.05, $13.56
01/22/2014, $14.15, 54401, $14.1, $14.21, $14.015
01/21/2014, $14.13, 97204, $14.24, $14.305, $14.1101
01/17/2014, $14.19, 82368, $14.2, $14.35, $14.0601
01/16/2014, $14.25, 94250, $14.21, $14.36, $14.19
01/15/2014, $14.2, 205087, $14.19, $14.34, $14.17
01/14/2014, $14.2, 92696, $13.6, $14.2, $13.56
01/13/2014, $13.62, 88487, $13.59, $13.87, $13.39
01/10/2014, $13.57, 120681, $13.7, $13.79, $13.27
01/09/2014, $13.74, 118541, $13.41, $13.91, $13.3201
01/08/2014, $13.36, 203192, $13.73, $13.83, $13.21
01/07/2014, $13.65, 83480, $13.59, $13.89, $13.52
01/06/2014, $13.52, 92440, $13.61, $13.74, $13.42
01/03/2014, $13.6, 120340, $13.98, $14.05, $13.43
01/02/2014, $13.98, 91016, $13.91, $14.05, $13.73
12/31/2013, $13.91, 44137, $14.05, $14.1, $13.82
12/30/2013, $13.98, 94977, $13.7, $14.19, $13.68
12/27/2013, $13.93, 106297, $14.1, $14.1, $13.74
12/26/2013, $14.1, 82087, $14.31, $14.33, $14.05
12/24/2013, $14.21, 69892, $14.27, $14.45, $14.12
12/23/2013, $14.33, 78820, $14.39, $14.57, $14.26
12/20/2013, $14.29, 231161, $14.24, $14.38, $14.201
12/19/2013, $14.25, 31447, $14.3, $14.34, $14.17
12/18/2013, $14.34, 153078, $14.32, $14.46, $14.08
12/17/2013, $14.32, 145602, $14.7, $14.7, $14.06
12/16/2013, $14.74, 102486, $14.67, $15.12, $14.58
12/13/2013, $14.66, 93087, $14.61, $14.78, $14.55
12/12/2013, $14.62, 59086, $14.65, $14.81, $14.55
12/11/2013, $14.64, 81400, $14.56, $14.69, $14.5
12/10/2013, $14.52, 60641, $14.54, $14.91, $14.5
12/09/2013, $14.6, 78116, $14.95, $15.1, $14.56
12/06/2013, $15.09, 140946, $14.46, $15.16, $14.3501
12/05/2013, $14.71, 194209, $14.67, $14.75, $14.44
12/04/2013, $14.66, 82072, $13.71, $14.705, $13.71
12/03/2013, $14.58, 70786, $14.51, $14.645, $14.44
12/02/2013, $14.57, 67319, $14.6, $14.73, $14.48
11/29/2013, $14.55, 24350, $14.67, $14.82, $14.51
11/27/2013, $14.55, 34729, $14.26, $14.65, $14.19
11/26/2013, $14.29, 42788, $14.06, $14.52, $14.02
11/25/2013, $14.08, 110173, $14.02, $14.12, $13.89
11/22/2013, $14.03, 37711, $13.71, $14.17, $13.532
11/21/2013, $13.67, 57912, $13.31, $13.83, $13.3
11/20/2013, $13.29, 33848, $13.36, $13.54, $13.25
11/19/2013, $13.35, 85137, $13.24, $13.41, $13.15
11/18/2013, $13.22, 68465, $13.19, $13.49, $13.06
11/15/2013, $13.11, 57743, $13.22, $13.22, $12.85
11/14/2013, $13.25, 7345, $13.48, $13.49, $13.19
11/13/2013, $13.52, 12798, $13.17, $13.54, $13.17
11/12/2013, $13.29, 19182, $13.18, $13.32, $13
11/11/2013, $13.26, 26695, $13.6, $13.65, $13.15
11/08/2013, $13.67, 41819, $13.07, $13.89, $13.07
11/07/2013, $13.09, 66943, $13.35, $13.41, $12.96
11/06/2013, $13.34, 41746, $13.46, $13.51, $13.31
11/05/2013, $13.42, 61991, $13.34, $13.63, $13.3
11/04/2013, $13.37, 93068, $13.3, $13.47, $13.14
11/01/2013, $13.3, 83080, $13.23, $13.411, $12.98
10/31/2013, $13.29, 70810, $13.07, $13.49, $12.74
10/30/2013, $13.11, 38979, $13.38, $13.38, $13.05
10/29/2013, $13.3, 24784, $12.95, $13.34, $12.95
10/28/2013, $12.88, 62499, $12.97, $13.31, $12.778
10/25/2013, $12.96, 53833, $13.16, $13.38, $12.68
10/24/2013, $13.1, 82403, $12.44, $13.18, $12.281
10/23/2013, $12.45, 132736, $11.43, $12.55, $11.43
10/22/2013, $11.43, 37063, $11.41, $11.49, $11.33
10/21/2013, $11.39, 36934, $11.58, $11.59, $11.29
10/18/2013, $11.57, 50527, $11.39, $11.58, $11.23
10/17/2013, $11.28, 57808, $11.41, $11.57, $11.22
10/16/2013, $11.4, 29084, $11.42, $11.51, $11.39
10/15/2013, $11.32, 33715, $11.56, $11.66, $11.31
10/14/2013, $11.62, 46112, $11.32, $11.75, $11.32
10/11/2013, $11.41, 55571, $11.31, $11.42, $11.13
10/10/2013, $11.38, 41942, $11.24, $11.47, $11.16
10/09/2013, $11.13, 53633, $11.35, $11.39, $11.07
10/08/2013, $11.35, 37408, $11.57, $11.5797, $11.34
10/07/2013, $11.54, 52381, $11.57, $11.63, $11.52
10/04/2013, $11.64, 27071, $11.58, $11.79, $11.58
10/03/2013, $11.61, 57401, $12, $12.11, $11.36
10/02/2013, $12, 39209, $12.06, $12.11, $11.93
10/01/2013, $12.17, 55247, $12.11, $12.27, $12
09/30/2013, $12.13, 76418, $11.93, $12.15, $11.75
09/27/2013, $12.02, 27120, $11.88, $12.1, $11.7
09/26/2013, $12.03, 27917, $12.2, $12.25, $11.89
09/25/2013, $12.19, 36092, $12.09, $12.4, $11.9
09/24/2013, $12.07, 64661, $12.1, $12.23, $11.9
09/23/2013, $12.06, 82400, $12.17, $12.255, $12.05
09/20/2013, $12.2, 118861, $12.1, $12.36, $12.07
09/19/2013, $12.03, 36275, $12.11, $12.1225, $11.84
09/18/2013, $12.06, 76424, $11.76, $12.2525, $11.64
09/17/2013, $11.8, 47858, $11.663, $11.823, $11.6
09/16/2013, $11.62, 33160, $11.64, $11.64, $11.51
09/13/2013, $11.56, 29881, $11.45, $11.62, $11.36
09/12/2013, $11.38, 26614, $10.97, $11.46, $10.97
09/11/2013, $11, 40899, $10.41, $11.05, $10.41
09/10/2013, $10.37, 47741, $10.47, $10.47, $10.02
09/09/2013, $10.41, 27846, $10.4, $10.419, $10.29
09/06/2013, $10.39, 18794, $10.58, $10.58, $10.29
09/05/2013, $10.53, 18817, $10.57, $10.6, $10.5
09/04/2013, $10.59, 21820, $10.59, $10.69, $10.53
09/03/2013, $10.61, 28840, $10.73, $10.82, $10.54
08/30/2013, $10.63, 66177, $10.82, $10.82, $10.42
08/29/2013, $10.86, 15711, $10.75, $10.92, $10.75
08/28/2013, $10.79, 18184, $10.88, $11, $10.76
08/27/2013, $10.91, 31674, $11.04, $11.189, $10.87
08/26/2013, $11.18, 22626, $11.2, $11.34, $11.12
08/23/2013, $11.21, 44146, $11.06, $11.27, $10.93
08/22/2013, $11.09, 20189, $11.02, $11.17, $10.87
08/21/2013, $10.96, 42342, $11.22, $11.22, $10.88
08/20/2013, $11.23, 19108, $11.01, $11.24, $10.95
08/19/2013, $10.99, 20452, $10.98, $11.09, $10.92
08/16/2013, $11, 32084, $11.05, $11.17, $10.86
08/15/2013, $11.11, 65189, $11.24, $11.36, $11.11
08/14/2013, $11.39, 26186, $11.44, $11.4997, $11.35
08/13/2013, $11.47, 12638, $11.46, $11.49, $11.27
08/12/2013, $11.49, 25528, $11.39, $11.59, $11.37
08/09/2013, $11.52, 38617, $11.68, $11.68, $11.49
08/08/2013, $11.68, 43591, $11.73, $11.73, $11.53
08/07/2013, $11.7, 28324, $11.75, $11.76, $11.621
08/06/2013, $11.75, 44086, $11.74, $11.82, $11.67
08/05/2013, $11.76, 86592, $11.68, $11.83, $11.68
08/02/2013, $11.73, 58694, $11.67, $11.78, $11.44
08/01/2013, $11.69, 87735, $11.78, $11.86, $11.64
07/31/2013, $11.7, 41206, $11.82, $11.92, $11.56
07/30/2013, $11.75, 51691, $11.74, $11.8099, $11.69
07/29/2013, $11.72, 37201, $11.72, $11.75, $11.58
07/26/2013, $11.71, 36305, $12.58, $12.58, $11.3
07/25/2013, $11.75, 65936, $11.68, $11.75, $11.58
07/24/2013, $11.72, 32413, $11.74, $11.8375, $11.635
07/23/2013, $11.65, 29958, $11.73, $11.808, $11.62
07/22/2013, $11.72, 55150, $11.75, $11.78, $11.59
07/19/2013, $11.73, 26224, $11.74, $11.8, $11.67
07/18/2013, $11.73, 25800, $11.76, $11.82, $11.67
07/17/2013, $11.72, 18841, $11.81, $11.84, $11.66
07/16/2013, $11.74, 56947, $11.74, $11.801, $11.68
07/15/2013, $11.72, 34541, $11.64, $11.79, $11.64
07/12/2013, $11.66, 26884, $11.73, $11.75, $11.61
07/11/2013, $11.71, 41049, $11.69, $11.715, $11.56
07/10/2013, $11.56, 42293, $11.48, $11.6, $11.39
07/09/2013, $11.46, 54621, $11.41, $11.485, $11.34
07/08/2013, $11.32, 58433, $11.02, $11.328, $11.02
07/05/2013, $11.03, 43484, $11.07, $11.17, $11
07/03/2013, $10.94, 23756, $10.46, $10.97, $10.46
07/02/2013, $10.49, 82503, $10.49, $10.55, $10.46
07/01/2013, $10.49, 140420, $10.43, $10.53, $10.37
06/28/2013, $10.33, 485408, $10.41, $10.6, $10.31
06/27/2013, $10.46, 58443, $10.4, $10.52, $10.37
06/26/2013, $10.39, 27676, $10.65, $10.7, $10.36
06/25/2013, $10.66, 49279, $10.77, $10.96, $10.6
06/24/2013, $10.68, 36119, $10.93, $11.02, $10.59
06/21/2013, $11, 135569, $11.04, $11.04, $10.88
06/20/2013, $11.07, 40530, $11.11, $11.174, $11.03
06/19/2013, $11.24, 15600, $11.36, $11.43, $11.166
06/18/2013, $11.44, 59647, $11.17, $11.46, $11.17
06/17/2013, $11.12, 46457, $11.27, $11.37, $10.98
06/14/2013, $11.18, 31901, $11.47, $11.56, $11.01
06/13/2013, $11.52, 43483, $11.47, $11.535, $11.32
06/12/2013, $11.46, 33794, $11.62, $11.62, $11.3
06/11/2013, $11.54, 24783, $11.62, $11.73, $11.48
06/10/2013, $11.82, 24929, $11.58, $11.85, $11.52
06/07/2013, $11.53, 32036, $11.6, $11.63, $11.45
06/06/2013, $11.52, 46626, $11.72, $11.77, $11.39
06/05/2013, $11.73, 52422, $11.74, $11.7999, $11.52
06/04/2013, $11.79, 30950, $12.015, $12.11, $11.68
06/03/2013, $11.97, 108693, $11.8, $12.01, $11.67
05/31/2013, $11.78, 59180, $11.84, $11.94, $11.704
05/30/2013, $11.91, 22032, $11.86, $11.94, $11.76
05/29/2013, $11.87, 41359, $11.82, $11.95, $11.68
05/28/2013, $11.9, 56964, $12, $12.1, $11.85
05/24/2013, $11.91, 32862, $11.89, $11.94, $11.75
05/23/2013, $11.93, 50466, $11.78, $11.93, $11.76
05/22/2013, $11.82, 44444, $11.87, $11.97, $11.58
05/21/2013, $11.88, 72709, $11.86, $11.945, $11.75
05/20/2013, $11.9, 67024, $11.89, $11.96, $11.66
05/17/2013, $11.9, 97062, $11.93, $12.03, $11.79
05/16/2013, $11.86, 58534, $11.98, $12.05, $11.77
05/15/2013, $11.98, 84163, $11.89, $12.08, $11.85
05/14/2013, $11.9, 147003, $11.99, $12.11, $11.83
05/13/2013, $11.98, 14711, $11.99, $11.99, $11.79
05/10/2013, $11.97, 47050, $11.75, $11.99, $11.73
05/09/2013, $11.7, 40013, $11.44, $11.94, $11.43
05/08/2013, $11.42, 52502, $10.97, $11.42, $10.93
05/07/2013, $10.95, 31772, $10.78, $10.96, $10.65
05/06/2013, $10.74, 25544, $10.92, $10.95, $10.67
05/03/2013, $10.88, 37615, $10.36, $10.94, $10.36
05/02/2013, $10.27, 62879, $10.14, $10.29, $9.955
05/01/2013, $10.07, 158383, $11.02, $11.1, $10.0425
04/30/2013, $11.87, 43419, $11.7, $11.88, $11.59
04/29/2013, $11.76, 36620, $11.49, $11.82, $11.49
04/26/2013, $11.42, 61690, $11.74, $11.74, $11.4
04/25/2013, $11.78, 72474, $11.73, $12, $11.71
04/24/2013, $11.73, 65596, $12.07, $12.07, $11.73
04/23/2013, $12.16, 54710, $11.87, $12.2199, $11.87
04/22/2013, $11.78, 66496, $11.77, $11.88, $11.65
04/19/2013, $11.79, 55573, $11.65, $11.94, $11.65
04/18/2013, $11.65, 53520, $11.59, $12.01, $11.54
04/17/2013, $11.59, 79750, $11.5, $11.81, $11.465
04/16/2013, $11.6, 47727, $11.47, $11.65, $11.46
04/15/2013, $11.43, 84800, $11.6, $11.6, $11.33
04/12/2013, $11.66, 84002, $11.43, $11.72, $11.32
04/11/2013, $11.44, 97639, $11.35, $11.47, $11.32
04/10/2013, $11.36, 61855, $11.38, $11.6, $11.32
04/09/2013, $11.33, 66621, $11.25, $11.4, $11.17
04/08/2013, $11.21, 53421, $11.58, $11.6199, $11.16
04/05/2013, $11.54, 149858, $11.49, $11.6, $11.28
04/04/2013, $11.67, 72075, $12.3, $12.39, $11.5445
04/03/2013, $12.26, 101339, $12.54, $12.639, $12.25
04/02/2013, $12.55, 159387, $12.16, $12.62, $12.16
04/01/2013, $12.62, 106168, $12.64, $12.67, $12.44
03/28/2013, $12.63, 79162, $12.71, $12.83, $12.49
03/27/2013, $12.65, 44490, $12.51, $12.67, $12.48
03/26/2013, $12.57, 63086, $12.64, $12.64, $12.4
03/25/2013, $12.59, 114440, $12.3, $12.6395, $12.18
03/22/2013, $12.14, 112872, $12.1, $12.19, $12.03
03/21/2013, $12.07, 87589, $12.08, $12.42, $12.04
03/20/2013, $12.17, 44612, $12.11, $12.19, $12.05
03/19/2013, $12.05, 33973, $12.05, $12.1, $11.99
03/18/2013, $12.06, 52095, $11.95, $12.12, $11.86
03/15/2013, $12.01, 178153, $11.83, $12.03, $11.83
03/14/2013, $11.83, 40394, $11.69, $11.84, $11.63
03/13/2013, $11.64, 43481, $11.54, $11.67, $11.54
03/12/2013, $11.6, 47062, $11.56, $11.65, $11.54
03/11/2013, $11.61, 42589, $11.68, $11.68, $11.53
03/08/2013, $11.66, 42751, $11.79, $11.82, $11.59
03/07/2013, $11.68, 29112, $11.57, $11.69, $11.5
03/06/2013, $11.53, 49114, $11.46, $11.58, $11.3
03/05/2013, $11.45, 78401, $11.31, $11.61, $11.31
03/04/2013, $11.24, 70440, $11.84, $11.86, $11.2
03/01/2013, $11.84, 99832, $11.5, $11.86, $11.4
02/28/2013, $11.66, 219402, $11.92, $11.93, $11.51
02/27/2013, $11.95, 103324, $11.96, $11.97, $11.76
02/26/2013, $11.94, 143371, $11.86, $11.97, $11.67
02/25/2013, $11.86, 95865, $12.07, $12.13, $11.8
02/22/2013, $12.05, 61008, $11.93, $12.205, $11.91
02/21/2013, $11.86, 66580, $11.95, $12.04, $11.76
02/20/2013, $11.96, 141094, $12.03, $12.08, $11.85
02/19/2013, $11.97, 173238, $11.76, $12.1, $11.76
02/15/2013, $11.77, 71425, $11.79, $11.82, $11.7
02/14/2013, $11.73, 49500, $11.62, $11.79, $11.62
02/13/2013, $11.71, 81518, $11.75, $11.75, $11.59
02/12/2013, $11.73, 68812, $11.76, $11.78, $11.69
02/11/2013, $11.71, 142642, $11.5, $11.78, $11.41
02/08/2013, $11.54, 66152, $11.41, $11.57, $11.3
02/07/2013, $11.43, 96709, $11.1, $11.46, $11.06
02/06/2013, $11, 150259, $11, $11.06, $10.91
02/05/2013, $11.06, 129130, $11.07, $11.316, $11.02
02/04/2013, $11.06, 218909, $11.57, $11.74, $11.06
02/01/2013, $11.81, 368380, $11.9, $12.69, $11.77
01/31/2013, $11.3, 234488, $11.26, $11.465, $11.25
01/30/2013, $11.32, 155679, $11.5, $11.5, $11.24
01/29/2013, $11.5, 247897, $11.05, $11.53, $11.05
01/28/2013, $11.16, 240622, $11.15, $11.3, $11.02
01/25/2013, $11.11, 163467, $11.08, $11.25, $11.03
01/24/2013, $11.04, 249128, $10.9, $11.09, $10.9
01/23/2013, $10.99, 168771, $10.97, $11.03, $10.9
01/22/2013, $11.01, 161281, $10.84, $11.03, $10.78
01/18/2013, $10.81, 96665, $10.81, $10.884, $10.75
01/17/2013, $10.85, 133188, $10.81, $10.89, $10.78
01/16/2013, $10.81, 191279, $10.73, $10.83, $10.73
01/15/2013, $10.77, 308568, $10.8, $10.84, $10.69
01/14/2013, $10.84, 131038, $10.55, $10.85, $10.5
01/11/2013, $10.55, 93097, $10.48, $10.64, $10.45
01/10/2013, $10.45, 99109, $10.48, $10.54, $10.32
01/09/2013, $10.43, 162716, $10.51, $10.54, $10.16
01/08/2013, $10.61, 141621, $10.9, $11.07, $10.47
01/07/2013, $10.93, 130674, $10.82, $11.05, $10.655
01/04/2013, $10.97, 153010, $10.11, $11, $10.01
01/03/2013, $10.07, 74372, $9.91, $10.17, $9.84
01/02/2013, $9.9, 135725, $10.18, $10.34, $9.82
12/31/2012, $10.04, 99941, $9.79, $10.13, $9.58
12/28/2012, $9.76, 48820, $9.83, $9.9, $9.67
12/27/2012, $9.81, 51818, $9.84, $9.93, $9.53
12/26/2012, $9.84, 67078, $9.81, $10.15, $9.79
12/24/2012, $9.82, 31582, $10.02, $10.08, $9.73
12/21/2012, $10.07, 402259, $9.92, $10.07, $9.69
12/20/2012, $9.98, 339376, $10.02, $10.15, $9.9
12/19/2012, $10.05, 76808, $9.98, $10.2, $9.91
12/18/2012, $9.96, 330985, $9.84, $10, $9.77
12/17/2012, $9.85, 77242, $9.73, $9.9, $9.73
12/14/2012, $9.73, 55860, $9.67, $9.779, $9.63
12/13/2012, $9.7, 56104, $9.65, $9.81, $9.63
12/12/2012, $9.77, 160050, $9.69, $9.8402, $9.625
12/11/2012, $9.72, 187287, $9.7, $9.82, $9.66
12/10/2012, $9.67, 226073, $9.71, $9.77, $9.49
12/07/2012, $9.67, 188256, $9.65, $9.7, $9.52
12/06/2012, $9.63, 78507, $9.76, $9.97, $9.53
12/05/2012, $9.88, 483255, $9.82, $9.99, $9.58
12/04/2012, $9.92, 178131, $9.52, $9.98, $9.51
12/03/2012, $9.57, 279194, $9.56, $9.65, $9.48
11/30/2012, $9.47, 323648, $9.43, $9.51, $9.37
11/29/2012, $9.4, 1096685, $9.01, $9.46, $8.83
11/28/2012, $8.8, 1844534, $9.59, $10.244, $8
11/27/2012, $12.24, 92017, $12.3, $12.35, $12.18
11/26/2012, $12.35, 63682, $12.36, $12.4, $12.24
11/23/2012, $12.4, 32566, $12.25, $12.4, $12.2
11/21/2012, $12.3, 37511, $12.2, $12.33, $12.1405
11/20/2012, $12.2, 87973, $12.19, $12.24, $11.99
11/19/2012, $12.25, 95597, $12.25, $12.37, $12.16
11/16/2012, $12.18, 73630, $12.17, $12.2, $11.83
11/15/2012, $12.22, 47305, $12.17, $12.32, $12.022
11/14/2012, $12.18, 114895, $12.24, $12.4, $12.09
11/13/2012, $12.23, 35627, $12.52, $12.61, $12.2
11/12/2012, $12.54, 184187, $12.76, $12.79, $12.5
11/09/2012, $12.7, 68068, $12.47, $12.82, $11.63
11/08/2012, $12.78, 107883, $12.81, $12.86, $12.63
11/07/2012, $12.83, 106285, $13.06, $13.06, $12.46
11/06/2012, $13.22, 41362, $13.04, $13.23, $13
11/05/2012, $13.01, 55060, $12.85, $13.03, $12.77
11/02/2012, $12.88, 91206, $13, $13.12, $12.73
11/01/2012, $12.82, 75473, $12.8, $12.96, $12.52
10/31/2012, $12.82, 29853, $12.78, $12.88, $12.615
10/26/2012, $12.82, 48233, $12.84, $13.11, $12.74
10/25/2012, $12.8, 31662, $13.08, $13.185, $12.69
10/24/2012, $12.98, 21819, $13.15, $13.15, $12.87
10/23/2012, $13.12, 41610, $13.24, $13.33, $13.07
10/22/2012, $13.3, 59328, $13.1, $13.305, $13.1
10/19/2012, $13.1, 93193, $12.83, $13.13, $12.68
10/18/2012, $12.94, 42851, $13.25, $13.25, $12.94
10/17/2012, $13.25, 88473, $13.72, $13.83, $13.17
10/16/2012, $13.82, 60377, $13.74, $13.9, $13.74
10/15/2012, $13.77, 46346, $13.44, $13.8, $13.37
10/12/2012, $13.44, 50722, $13.63, $13.7, $13.34
10/11/2012, $13.69, 27072, $13.46, $13.74, $13.46
10/10/2012, $13.4, 44536, $13.35, $13.83, $13.33
10/09/2012, $13.31, 66081, $13.44, $13.55, $13.17
10/08/2012, $13.47, 26354, $13.31, $13.57, $13.31
10/05/2012, $13.43, 110921, $13.62, $13.87, $13.36
10/04/2012, $13.6, 87331, $13.71, $13.75, $13.3
10/03/2012, $13.69, 78009, $13.62, $13.88, $13.46
10/02/2012, $13.64, 73568, $13.77, $13.77, $13.45
10/01/2012, $13.75, 63065, $13.76, $13.97, $13.59
09/28/2012, $13.7, 62974, $13.58, $13.8, $13.32
09/27/2012, $13.66, 80744, $13.51, $13.679, $13.34
09/26/2012, $13.48, 53784, $13.3, $13.5859, $13.3
09/25/2012, $13.3, 118326, $13.3, $13.439, $13.2
09/24/2012, $13.26, 156435, $12.48, $13.39, $12.48
09/21/2012, $12.48, 127508, $12.8, $12.8, $12.46
09/20/2012, $12.64, 19562, $12.76, $12.8, $12.6
09/19/2012, $12.86, 46690, $13.01, $13.1, $12.84
09/18/2012, $13.12, 45264, $12.88, $13.19, $12.88
09/17/2012, $12.94, 30256, $13.23, $13.23, $12.8201
09/14/2012, $13.22, 62526, $13.04, $13.4, $12.94
09/13/2012, $12.99, 72406, $12.91, $13.15, $12.7503
09/12/2012, $12.94, 32803, $12.93, $13.03, $12.84
09/11/2012, $12.91, 40157, $12.66, $12.96, $12.62
09/10/2012, $12.65, 62320, $12.66, $12.72, $12.56
09/07/2012, $12.62, 53789, $12.38, $12.64, $12.34
09/06/2012, $12.4, 71925, $12.07, $12.46, $12.07
09/05/2012, $12, 44700, $11.79, $12.11, $11.78
09/04/2012, $11.79, 65200, $12.04, $12.06, $11.51
08/31/2012, $12.01, 61479, $11.98, $12.03, $11.78
08/30/2012, $11.87, 33920, $11.89, $11.92, $11.79
08/29/2012, $11.92, 67668, $11.8, $11.92, $11.76
08/28/2012, $11.8, 35296, $11.75, $11.82, $11.64
08/27/2012, $11.78, 30539, $11.93, $11.93, $11.69
08/24/2012, $11.87, 40588, $11.84, $11.9, $11.75
08/23/2012, $11.91, 45763, $12.06, $12.08, $11.84
08/22/2012, $12.13, 86738, $12.21, $12.3013, $12.105
08/21/2012, $12.18, 215240, $11.72, $12.2, $11.72
08/20/2012, $11.78, 63012, $11.77, $11.83, $11.56
08/17/2012, $11.7, 86774, $11.64, $11.75, $11.64
08/16/2012, $11.68, 49048, $11.6, $11.74, $11.54
08/15/2012, $11.65, 47383, $11.39, $11.66, $11.33
08/14/2012, $11.43, 69620, $11.6, $11.7, $11.38
08/13/2012, $11.57, 38440, $11.67, $11.72, $11.33
08/10/2012, $11.69, 79300, $11.48, $11.7, $11.48
08/09/2012, $11.58, 64531, $11.7, $11.74, $11.532
08/08/2012, $11.75, 59972, $11.74, $11.78, $11.6302
08/07/2012, $11.74, 97751, $11.8, $11.8, $11.7
08/06/2012, $11.71, 66362, $11.63, $11.76, $11.63
08/03/2012, $11.64, 99013, $11, $12.03, $10.92
08/02/2012, $11.31, 84457, $11.35, $11.42, $11.25
08/01/2012, $11.4, 99971, $11.52, $11.61, $11.37
07/31/2012, $11.49, 81840, $11.38, $11.55, $11.28
07/30/2012, $11.43, 58119, $11.42, $11.6, $11.39
07/27/2012, $11.39, 106617, $11.34, $11.515, $11.2875
07/26/2012, $11.35, 90358, $11.85, $11.85, $11.21
07/25/2012, $11.74, 76816, $12.03, $12.1, $11.7
07/24/2012, $11.94, 140589, $12.11, $12.12, $11.87
07/23/2012, $12.11, 342598, $12.28, $12.48, $11.9
07/20/2012, $12.82, 52332, $12.85, $12.93, $12.77
07/19/2012, $12.95, 29449, $13.16, $13.2278, $12.94
07/18/2012, $13.13, 43387, $13.01, $13.14, $12.9501
07/17/2012, $12.97, 42001, $13.21, $13.21, $12.69
07/16/2012, $13.25, 30183, $13.39, $13.53, $13.25
07/13/2012, $13.46, 52011, $13.23, $13.56, $13.14
07/12/2012, $13.22, 55692, $13.18, $13.38, $12.99
07/11/2012, $13.25, 33094, $13.31, $13.48, $13.22
07/10/2012, $13.29, 64763, $13.48, $13.54, $13.22
07/09/2012, $13.36, 117858, $13.6, $13.64, $13.26
07/06/2012, $13.73, 22280, $13.78, $13.93, $13.6706
07/05/2012, $13.94, 44834, $13.98, $14.03, $13.86
07/03/2012, $14.01, 35660, $13.78, $14.08, $13.77
07/02/2012, $13.81, 62562, $13.55, $13.85, $13.38
06/29/2012, $13.51, 98576, $13.36, $13.73, $13.13
06/28/2012, $13.1, 48894, $13.05, $13.15, $12.82
06/27/2012, $13.13, 50322, $13.12, $13.25, $12.95
06/26/2012, $13.04, 93125, $12.56, $13.1, $12.56
06/25/2012, $12.45, 92726, $12.39, $12.46, $12.19
06/22/2012, $12.67, 416638, $12.32, $12.67, $12.23
06/21/2012, $12.25, 44449, $12.57, $12.61, $12.22
06/20/2012, $12.62, 54324, $12.63, $12.8222, $12.49
06/19/2012, $12.75, 79698, $12.11, $12.78, $12.1
06/18/2012, $12.07, 80075, $12.22, $12.22, $11.98
06/15/2012, $12.27, 138679, $12.14, $12.34, $12
06/14/2012, $12.15, 50596, $11.96, $12.22, $11.9
06/13/2012, $12.09, 89134, $12.1, $12.28, $11.98
06/12/2012, $12.14, 47553, $12.46, $12.46, $12.03
06/11/2012, $12.39, 66780, $13.01, $13.01, $12.38
06/08/2012, $12.94, 61526, $12.59, $13.02, $12.46
06/07/2012, $12.65, 70360, $12.68, $12.7899, $11.975
06/06/2012, $12.53, 49759, $12.26, $12.56, $12.17
06/05/2012, $12.2, 37601, $12.09, $12.4525, $12.09
06/04/2012, $12.16, 37857, $12.13, $12.29, $12.06
06/01/2012, $12.09, 57610, $11.92, $12.29, $11.91
05/31/2012, $12.19, 89423, $12.04, $12.25, $11.9
05/30/2012, $12.05, 39258, $12.27, $12.32, $12.04
05/29/2012, $12.45, 40276, $12.53, $12.66, $12.22
05/25/2012, $12.41, 61999, $12.15, $12.48, $12.08
05/24/2012, $12.13, 56107, $12.23, $12.27, $11.86
05/23/2012, $12.25, 53325, $12.03, $12.28, $11.96
05/22/2012, $12.09, 102071, $12.13, $12.13, $11.87
05/21/2012, $12.11, 68404, $11.98, $12.15, $11.87
05/18/2012, $11.96, 71756, $12.13, $12.19, $11.91
05/17/2012, $12.14, 67041, $12.12, $12.39, $12.09
05/16/2012, $12.08, 40108, $12.32, $12.4, $12.07
05/15/2012, $12.27, 74327, $11.99, $12.37, $11.93
05/14/2012, $12.03, 105395, $11.81, $12.08, $11.81
05/11/2012, $11.95, 74553, $11.89, $12.05, $11.84
05/10/2012, $12.02, 41192, $12.04, $12.14, $11.96
05/09/2012, $11.98, 99807, $12.06, $12.12, $11.92
05/08/2012, $12.22, 88038, $12.01, $12.37, $12
05/07/2012, $12.07, 168499, $11.8, $12.09, $11.79
05/04/2012, $11.81, 145505, $11.81, $11.93, $11.69
05/03/2012, $11.9, 132537, $11.88, $11.95, $11.74
05/02/2012, $11.93, 78657, $11.87, $11.99, $11.75
05/01/2012, $11.98, 108556, $11.97, $12.136, $11.81
04/30/2012, $12, 46086, $12.16, $12.21, $11.97
04/27/2012, $12.21, 66991, $12.16, $12.26, $11.9
04/26/2012, $12.16, 56099, $11.95, $12.22, $11.95
04/25/2012, $11.98, 59857, $12.15, $12.18, $11.92
04/24/2012, $11.99, 59049, $11.84, $12.03, $11.77
04/23/2012, $11.81, 77573, $11.8, $11.92, $11.66
04/20/2012, $11.99, 76370, $12.13, $12.14, $11.97
04/19/2012, $12, 179715, $12.11, $12.2, $11.96
04/18/2012, $12.08, 149046, $12.11, $12.13, $12
04/17/2012, $12.16, 176030, $11.98, $12.17, $11.87
04/16/2012, $11.86, 69458, $12, $12.05, $11.7375
04/13/2012, $11.99, 69405, $12.33, $12.4, $11.99
04/12/2012, $12.42, 59208, $12.35, $12.58, $12.32
04/11/2012, $12.36, 111040, $12.35, $12.4, $12.2
04/10/2012, $12.2, 110193, $12.19, $12.26, $12.05
04/09/2012, $12.19, 77816, $12.45, $12.64, $12.15
04/05/2012, $12.7, 114340, $12.77, $12.91, $12.66
04/04/2012, $12.82, 78475, $13, $13.05, $12.76
04/03/2012, $13.14, 49994, $13.55, $13.56, $13.06
04/02/2012, $13.55, 104008, $13.14, $13.63, $13.14
03/30/2012, $13.19, 100854, $13.45, $13.45, $13.07
03/29/2012, $13.35, 65554, $13.37, $13.56, $13.23
03/28/2012, $13.46, 84249, $13.4, $13.48, $13.33
03/27/2012, $13.42, 47194, $13.55, $13.65, $13.41
03/26/2012, $13.66, 70758, $13.5, $13.85, $13.4
03/23/2012, $13.36, 62661, $13.42, $13.44, $13.21
03/22/2012, $13.45, 57640, $13.28, $13.45, $13.28
03/21/2012, $13.41, 47660, $13.39, $13.55, $13.35
03/20/2012, $13.39, 53937, $13.53, $13.64, $13.38
03/19/2012, $13.66, 66307, $13.37, $13.79, $13.36
03/16/2012, $13.4, 149628, $13.31, $13.51, $13.31
03/15/2012, $13.29, 118885, $13.11, $13.3, $12.93
03/14/2012, $13.1, 39719, $13.29, $13.3, $13.07
03/13/2012, $13.29, 106257, $13.21, $13.36, $13.11
03/12/2012, $13.28, 63635, $13.43, $13.56, $13.24
03/09/2012, $13.42, 75198, $12.95, $13.699, $12.95
03/08/2012, $12.98, 46083, $12.75, $13, $12.6568
03/07/2012, $12.68, 80311, $12.79, $12.92, $12.66
03/06/2012, $12.71, 93613, $12.61, $12.91, $12.61
03/05/2012, $12.75, 94571, $12.65, $12.87, $12.58
03/02/2012, $12.68, 114421, $12.98, $13.03, $12.61
03/01/2012, $12.99, 73136, $13.06, $13.2, $12.95
02/29/2012, $12.99, 98085, $13.03, $13.25, $12.98
02/28/2012, $12.98, 80965, $13.3, $13.36, $12.91
02/27/2012, $13.37, 39120, $13.6, $13.6, $13.3
02/24/2012, $13.67, 56744, $13.81, $13.89, $13.63
02/23/2012, $13.77, 68181, $13.62, $13.78, $13.49
02/22/2012, $13.58, 55464, $13.52, $13.71, $13.441
02/21/2012, $13.59, 55781, $13.71, $13.75, $13.48
02/17/2012, $13.73, 54178, $13.44, $13.78, $13.44
02/16/2012, $13.41, 98292, $13.33, $13.47, $13.11
02/15/2012, $13.37, 130562, $13.47, $13.51, $13.2
02/14/2012, $13.42, 85200, $13.54, $13.71, $13.26
02/13/2012, $13.76, 97974, $13.44, $13.81, $13.44
02/10/2012, $13.28, 74708, $13.34, $13.36, $13.27
02/09/2012, $13.46, 82905, $13.64, $13.72, $13.35
02/08/2012, $13.61, 91651, $13.68, $13.74, $13.5
02/07/2012, $13.65, 77269, $13.62, $13.75, $13.53
02/06/2012, $13.67, 122211, $13.78, $13.78, $13.42
02/03/2012, $13.81, 176871, $14.5, $14.5, $13.41
02/02/2012, $14.39, 136406, $14.33, $14.39, $14.1
02/01/2012, $14.38, 215263, $14.06, $14.45, $13.91
01/31/2012, $13.95, 197296, $14.2, $14.21, $13.88
01/30/2012, $14.07, 78599, $14.46, $14.46, $14
01/27/2012, $14.61, 77871, $14.31, $14.7, $14.27
01/26/2012, $14.4, 69995, $14.74, $14.74, $14.3
01/25/2012, $14.67, 118531, $14.45, $14.78, $14.45
01/24/2012, $14.43, 90830, $14.02, $14.53, $13.92
01/23/2012, $14.08, 100565, $14.17, $14.27, $13.84
01/20/2012, $14.19, 130641, $13.87, $14.31, $13.87
01/19/2012, $13.92, 170381, $13.34, $13.96, $13.14
01/18/2012, $13.34, 167724, $13.55, $13.55, $13.16
01/17/2012, $13.54, 111094, $13.66, $13.84, $13.43
01/13/2012, $13.55, 208305, $13.63, $13.67, $13.19
01/12/2012, $13.8, 67558, $13.59, $13.9, $13.45
01/11/2012, $13.59, 89713, $13.42, $13.68, $13.32
01/10/2012, $13.5, 99873, $13.29, $13.59, $13.23
01/09/2012, $13.15, 146130, $13.12, $13.17, $12.81
01/06/2012, $13.05, 97918, $12.93, $13.09, $12.66
01/05/2012, $12.9, 82721, $12.7, $13.06, $12.59
01/04/2012, $12.75, 89932, $13.06, $13.11, $12.66
01/03/2012, $13.18, 135777, $13.07, $13.45, $13.03
12/30/2011, $12.78, 77110, $12.61, $12.9, $12.56
12/29/2011, $12.66, 102636, $12.58, $12.71, $12.48
12/28/2011, $12.54, 108918, $12.75, $12.75, $12.4999
12/27/2011, $12.76, 109792, $12.67, $12.88, $12.57
12/23/2011, $12.67, 135954, $12.69, $12.73, $12.535
12/22/2011, $12.67, 195522, $12.71, $12.78, $12.59
12/21/2011, $12.63, 480540, $12.41, $12.635, $12.36
12/20/2011, $12.32, 278560, $12.09, $12.398, $12.09
12/19/2011, $11.89, 208130, $12.36, $12.5, $11.84
12/16/2011, $12.25, 434742, $12.29, $12.32, $12.04
12/15/2011, $12.25, 162100, $12.25, $12.335, $12.16
12/14/2011, $12.12, 232094, $12.17, $12.39, $12.04
12/13/2011, $12.27, 103251, $12.57, $12.72, $12.2
12/12/2011, $12.46, 174058, $12.34, $12.49, $12.25
12/09/2011, $12.5, 158654, $12.37, $12.61, $12.28
12/08/2011, $12.32, 159153, $12.69, $12.79, $12.25
12/07/2011, $12.81, 231946, $12.84, $12.99, $12.61
12/06/2011, $12.91, 171029, $13.04, $13.25, $12.9
12/05/2011, $13.08, 152876, $13.28, $13.28, $12.95
12/02/2011, $13.04, 144946, $12.69, $13.21, $12.69
12/01/2011, $12.58, 191715, $12.7, $12.8, $12.5
11/30/2011, $12.78, 365274, $12.58, $12.95, $12.48
11/29/2011, $12.16, 159493, $12.38, $12.51, $12.01
11/28/2011, $12.34, 175613, $12.21, $12.41, $12.07
11/25/2011, $11.8, 69018, $12.25, $12.43, $11.78
11/23/2011, $12.34, 130705, $13, $13, $12.28
11/22/2011, $13.1, 62425, $13.35, $13.41, $13.03
11/21/2011, $13.32, 77689, $13.43, $13.64, $13.31
11/18/2011, $13.69, 57103, $13.85, $13.88, $13.66
11/17/2011, $13.84, 91321, $14.21, $14.28, $13.77
11/16/2011, $14.23, 88491, $14.24, $14.71, $14.03
11/15/2011, $14.37, 66294, $14.07, $14.53, $13.86
11/14/2011, $14.11, 102094, $14.22, $14.32, $14.0072
11/11/2011, $14.19, 77459, $13.88, $14.25, $13.88
11/10/2011, $13.79, 77725, $13.81, $13.84, $13.57
11/09/2011, $13.65, 107781, $14, $14.15, $13.57
11/08/2011, $14.31, 86225, $14.24, $14.41, $13.81
11/07/2011, $14.15, 62335, $14.32, $14.35, $13.84
11/04/2011, $14.4, 60235, $14.14, $14.43, $14.05
11/03/2011, $14.32, 118717, $13.73, $14.36, $13.37
11/02/2011, $13.59, 138510, $13.87, $13.87, $13.26
11/01/2011, $13.67, 126264, $13.74, $14.08, $13.56
10/31/2011, $14.28, 95204, $14.67, $14.67, $14.24
10/28/2011, $14.85, 102266, $15.04, $15.14, $14.82
10/27/2011, $15.05, 156879, $14.49, $15.05, $14.35
10/26/2011, $14.17, 98438, $14.24, $14.24, $13.67
10/25/2011, $14.17, 103418, $14.31, $14.4, $14.0302
10/24/2011, $14.4, 114298, $13.82, $14.42, $13.78
10/21/2011, $13.73, 105486, $13.61, $13.8, $13.45
10/20/2011, $13.44, 83757, $13.75, $13.8, $13.07
10/19/2011, $13.73, 118422, $13.77, $14.06, $13.58
10/18/2011, $13.82, 127941, $13.8, $14.07, $13.41
10/17/2011, $13.8, 118801, $14.52, $14.57, $13.73
10/14/2011, $14.63, 78291, $14.42, $14.65, $14.22
10/13/2011, $14.3, 82112, $14.66, $14.72, $14.12
10/12/2011, $14.75, 105342, $14.26, $14.9, $14.23
10/11/2011, $14.15, 141709, $13.96, $14.24, $13.91
10/10/2011, $14.04, 145913, $13.94, $14.15, $13.72
10/07/2011, $13.71, 115188, $14.07, $14.22, $13.57
10/06/2011, $14.05, 135076, $13.61, $14.14, $13.48
10/05/2011, $13.63, 173735, $13.73, $13.87, $13.4374
10/04/2011, $13.75, 301985, $12.88, $13.85, $12.83
10/03/2011, $12.95, 303470, $13.45, $13.71, $12.93
09/30/2011, $13.59, 171520, $13.87, $14.14, $13.54
09/29/2011, $13.97, 115723, $13.98, $14.11, $13.68
09/28/2011, $13.75, 119808, $14.4, $14.4, $13.73
09/27/2011, $14.37, 174178, $14.36, $14.53, $14.13
09/26/2011, $14.11, 101605, $13.74, $14.12, $13.68
09/23/2011, $13.61, 185785, $13.08, $13.72, $13.01
09/22/2011, $13.19, 232376, $13.17, $13.6, $13.03
09/21/2011, $13.53, 174482, $13.69, $13.86, $13.5
09/20/2011, $13.72, 131384, $14.18, $14.18, $13.6
09/19/2011, $14.14, 102468, $14.25, $14.25, $13.98
09/16/2011, $14.45, 150911, $14.56, $14.6996, $14.4
09/15/2011, $14.6, 110887, $14.6, $14.73, $14.39
09/14/2011, $14.46, 165896, $14.3, $14.61, $14.19
09/13/2011, $14.17, 151666, $14.15, $14.4, $13.88
09/12/2011, $14.09, 115789, $13.67, $14.18, $13.67
09/09/2011, $13.84, 249400, $13.88, $14.09, $13.74
09/08/2011, $14.02, 105803, $14.43, $14.55, $13.94
09/07/2011, $14.5, 199530, $14.28, $14.57, $14.07
09/06/2011, $14.06, 202792, $14.02, $14.17, $13.76
09/02/2011, $14.1, 271278, $14.09, $14.55, $14
09/01/2011, $14.38, 234800, $14.79, $14.79, $14.23
08/31/2011, $14.56, 245158, $14.87, $14.96, $14.33
08/30/2011, $14.78, 164574, $14.69, $15, $14.37
08/29/2011, $14.78, 171530, $14.73, $14.91, $14.5601
08/26/2011, $14.56, 108505, $14.25, $14.77, $14.2
08/25/2011, $14.33, 158055, $14.77, $14.9499, $14.27
08/24/2011, $14.67, 137740, $14.53, $14.9, $14.27
08/23/2011, $14.6, 197052, $14.49, $14.83, $14.18
08/22/2011, $14.38, 329250, $14.76, $14.83, $14.29
08/19/2011, $14.39, 284622, $14.73, $15.22, $14.36
08/18/2011, $14.97, 172686, $15.02, $15.31, $14.76
08/17/2011, $15.49, 62276, $15.54, $15.75, $15.27
08/16/2011, $15.52, 133191, $15.34, $15.8, $15.28
08/15/2011, $15.55, 57867, $15.74, $15.8, $15.35
08/12/2011, $15.61, 132295, $16.56, $16.56, $15.53
08/11/2011, $16.41, 246024, $15.81, $16.66, $15.72
08/10/2011, $15.72, 222940, $15.84, $16.06, $15.23
08/09/2011, $16.46, 240010, $15.87, $16.49, $14.9
08/08/2011, $15.5, 336448, $15.57, $16.4, $15.48
08/05/2011, $15.95, 277858, $16.56, $16.69, $15.94
08/04/2011, $16.39, 193285, $16.64, $17.14, $16.38
08/03/2011, $16.9, 92986, $16.9, $17.24, $16.4
08/02/2011, $16.9, 142756, $16.83, $17.2699, $16.79
08/01/2011, $16.92, 166881, $17.46, $17.46, $16.66
07/29/2011, $17.3, 108627, $17.62, $17.62, $17.04
07/28/2011, $17.82, 173647, $18.7, $18.7, $17.78
07/27/2011, $18.32, 179702, $18.91, $18.91, $18.12
07/26/2011, $18.99, 82597, $18.97, $19.16, $18.66
07/25/2011, $18.93, 55622, $18.97, $19.16, $18.82
07/22/2011, $19.14, 172644, $19.32, $19.46, $19.07
07/21/2011, $19.3, 158726, $19.59, $19.63, $19.15
07/20/2011, $19.55, 89484, $19.65, $19.65, $19.37
07/19/2011, $19.59, 107002, $19.59, $19.65, $19.48
07/18/2011, $19.49, 101718, $19.71, $19.74, $19.43
07/15/2011, $19.78, 106594, $19.86, $20, $19.47
07/14/2011, $19.74, 115913, $21.14, $21.14, $19.59
07/13/2011, $21.09, 107893, $20.53, $21.37, $20.5
07/12/2011, $20.47, 80325, $19.82, $20.67, $19.82
07/11/2011, $19.96, 92067, $20.28, $20.39, $19.73
07/08/2011, $20.56, 45865, $20.31, $20.62, $20.01
07/07/2011, $20.56, 66578, $20.2, $20.89, $20.1
07/06/2011, $20.08, 91052, $19.65, $20.17, $19.62
07/05/2011, $19.71, 103121, $19.2, $19.7688, $19.12
07/01/2011, $19.2, 149567, $19.84, $19.91, $19.1672
06/30/2011, $19.77, 47625, $19.36, $19.9, $19.36
06/29/2011, $19.33, 54141, $19.4, $19.4, $19.07
06/28/2011, $19.37, 83612, $18.95, $19.385, $18.79
06/27/2011, $18.94, 40086, $18.66, $19.01, $18.6
06/24/2011, $18.64, 80441, $18.82, $19, $18.52
06/23/2011, $18.84, 55495, $18.15, $18.94, $17.93
06/22/2011, $18.34, 59131, $18.78, $19.33, $18.33
06/21/2011, $18.9, 63782, $18.56, $19.03, $18.56
06/20/2011, $18.45, 70808, $18.43, $18.66, $18.1
06/17/2011, $18.47, 137724, $19.14, $19.25, $18.44
06/16/2011, $19.04, 171627, $18.99, $19.32, $18.52
06/15/2011, $19.01, 86022, $19.2, $19.6, $18.96
06/14/2011, $19.47, 83057, $19.25, $19.61, $19.25
06/13/2011, $19.15, 104770, $18.92, $19.44, $18.92
06/10/2011, $18.82, 118960, $19.34, $19.41, $18.67
06/09/2011, $19.38, 87478, $19.02, $19.61, $18.96
06/08/2011, $18.99, 99567, $18.9, $19.14, $18.84
06/07/2011, $18.98, 92821, $19.01, $19.08, $18.62
06/06/2011, $18.81, 142929, $18.54, $18.98, $18.54
06/03/2011, $18.63, 144149, $18.39, $18.92, $18.16
06/02/2011, $18.66, 195240, $19.03, $19.2499, $18.44
06/01/2011, $17.4, 84739, $18.16, $18.16, $17.35
05/31/2011, $18.14, 159343, $17.87, $18.19, $17.605
05/27/2011, $17.64, 59837, $17.25, $17.73, $17.25
05/26/2011, $17.2, 97578, $17.28, $17.28, $16.94
05/25/2011, $17.29, 66753, $17.22, $17.52, $17.18
05/24/2011, $17.2, 117729, $16.84, $17.44, $16.84
05/23/2011, $16.81, 46735, $16.98, $17.09, $16.76
05/20/2011, $17.18, 57833, $18, $18, $17.17
05/19/2011, $18.03, 94259, $17.84, $18.11, $17.49
05/18/2011, $17.69, 54387, $17.23, $17.73, $17.18
05/17/2011, $17.16, 41239, $17.26, $17.51, $17.14
05/16/2011, $17.3, 61479, $17.8, $17.83, $17.28
05/13/2011, $17.96, 62289, $18.13, $18.15, $17.72
05/12/2011, $18.14, 49638, $17.45, $18.17, $17.42
05/11/2011, $17.48, 34990, $17.69, $17.75, $17.35
05/10/2011, $17.8, 43136, $17.55, $17.84, $17.55
05/09/2011, $17.44, 50478, $17.19, $17.48, $17.03
05/06/2011, $17.16, 65252, $17.575, $17.65, $17.1
05/05/2011, $17.5, 220743, $16.99, $17.77, $16.97
05/04/2011, $17.16, 140089, $17.39, $17.75, $16.9
05/03/2011, $18.07, 124791, $17.92, $18.1, $17.65
05/02/2011, $17.88, 144824, $18.1, $18.12, $17.8585
04/29/2011, $18.07, 109370, $18.37, $18.37, $18.01
04/28/2011, $18.34, 68527, $18.82, $18.82, $18.24
04/27/2011, $18.83, 64838, $18.76, $19.13, $18.56
04/26/2011, $18.79, 120662, $17.98, $18.82, $17.931
04/25/2011, $17.91, 86627, $17.78, $17.93, $17.646
04/21/2011, $17.71, 126340, $17.75, $17.78, $17.4
04/20/2011, $17.58, 131335, $18.16, $18.16, $17.38
04/19/2011, $17.92, 94024, $18.42, $18.42, $17.66
04/18/2011, $18.66, 29795, $18.66, $18.72, $18.48
04/15/2011, $18.94, 48385, $18.77, $18.97, $18.51
04/14/2011, $18.83, 69575, $18.68, $19.1, $18.52
04/13/2011, $18.8, 81806, $19.79, $19.79, $18.61
04/12/2011, $19.61, 58238, $19.81, $19.96, $19.54
04/11/2011, $19.86, 67632, $19.69, $20.1, $19.6599
04/08/2011, $19.69, 51401, $20, $20.17, $19.63
04/07/2011, $20.11, 90093, $20.22, $20.42, $20.06
04/06/2011, $20.32, 64922, $20, $20.39, $19.94
04/05/2011, $20, 83615, $19.63, $20, $19.63
04/04/2011, $19.69, 67826, $19.84, $19.86, $19.4
04/01/2011, $19.75, 44075, $19.56, $19.98, $19.56
03/31/2011, $19.45, 94506, $19.12, $19.53, $18.89
03/30/2011, $19.22, 55848, $18.47, $19.25, $18.39
03/29/2011, $18.43, 53882, $18.2, $18.5, $18.04
03/28/2011, $18.34, 45698, $18.31, $18.42, $18.09
03/25/2011, $18.24, 64529, $18.14, $18.56, $17.91
03/24/2011, $18.1, 33179, $18.25, $18.39, $17.95
03/23/2011, $18.16, 39192, $18.02, $18.37, $17.87
03/22/2011, $18.1, 52771, $18.01, $18.15, $17.84
03/21/2011, $18.08, 61558, $17.88, $18.09, $17.7401
03/18/2011, $17.63, 129726, $17.7, $17.7, $17.25
03/17/2011, $17.45, 147979, $17.49, $17.96, $17.27
03/16/2011, $17.17, 97876, $17.29, $17.44, $17.17
03/15/2011, $17.37, 40668, $17.18, $17.54, $17.18
03/14/2011, $17.62, 41965, $17.25, $17.7, $17.25
03/11/2011, $17.38, 50945, $17.35, $17.47, $17.31
03/10/2011, $17.43, 63724, $17.7, $17.76, $17.27
03/09/2011, $17.96, 124729, $17.8, $18.05, $17.69
03/08/2011, $17.81, 54986, $17.43, $18.05, $17.28
03/07/2011, $17.48, 62695, $17.73, $17.79, $17.16
03/04/2011, $17.69, 43339, $18.09, $18.23, $17.5
03/03/2011, $18.14, 60635, $17.85, $18.21, $17.82
03/02/2011, $17.67, 35793, $17.57, $17.84, $17.46
03/01/2011, $17.6, 88617, $18.5, $18.53, $17.5
02/28/2011, $18.4, 114162, $18.18, $18.43, $18.09
02/25/2011, $18.07, 116640, $17.87, $18.19, $17.86
02/24/2011, $17.8, 97814, $17.41, $17.95, $17.41
02/23/2011, $17.43, 65923, $18, $18.17, $17.42
02/22/2011, $18, 221212, $17.91, $18.01, $17.58
02/18/2011, $18.11, 135447, $17.83, $18.18, $17.77
02/17/2011, $17.75, 112685, $18, $18.05, $17.73
02/16/2011, $17.92, 124873, $17.5, $18, $17.3
02/15/2011, $17.49, 85716, $17.81, $17.91, $17.45
02/14/2011, $17.92, 46023, $18.04, $18.2, $17.86
02/11/2011, $18.02, 76007, $17.77, $18.04, $17.66
02/10/2011, $17.84, 89147, $17.41, $18.03, $17.41
02/09/2011, $17.5, 160225, $17.69, $17.84, $17.45
02/08/2011, $17.77, 69539, $17.87, $17.87, $17.6
02/07/2011, $17.92, 102864, $17.66, $18.38, $17.57
02/04/2011, $17.64, 256975, $19.28, $19.28, $17.59
02/03/2011, $19.24, 94651, $18.775, $19.33, $18.575
02/02/2011, $18.81, 138210, $18.69, $19.01, $18.65
02/01/2011, $18.8, 105639, $18.45, $18.93, $18.08
01/31/2011, $18.25, 113221, $18.75, $18.78, $18.25
01/28/2011, $18.66, 124137, $19.21, $19.24, $18.52
01/27/2011, $19.2, 79359, $19.15, $19.325, $18.83
01/26/2011, $19.18, 132123, $19.2, $19.26, $18.9
01/25/2011, $19.1, 70897, $18.95, $19.12, $18.86
01/24/2011, $19.04, 50742, $19.12, $19.46, $19
01/21/2011, $19.02, 66475, $19.38, $19.47, $18.93
01/20/2011, $19.25, 67883, $18.91, $19.36, $18.91
